 Time         CPU_user     CPU_system   IOwait       Idle         sda:tps     
      -95.0 1.74       0.04       0.00       98.22      0.20      
      -85.0 1.75       0.06       0.00       98.19      1.70      
      -75.0 1.75       0.06       0.00       98.19      1.00      
      -65.0 1.75       0.04       0.00       98.21      0.40      
      -55.0 1.78       0.04       0.00       98.18      1.20      
      -45.0 1.81       0.07       0.00       98.12      1.50      
      -35.0 1.85       0.07       0.00       98.08      1.00      
      -25.0 2.48       0.09       0.00       97.42      1.30      
      -15.0 4.35       0.40       0.00       95.24      2.00      
       -5.0 9.27       0.42       0.00       90.31      1.50      
        5.0 3.39       0.59       0.00       96.02      0.90      
       15.0 3.64       0.74       0.00       95.61      1.50      
       25.0 3.70       0.73       0.00       95.57      1.30      
       35.0 3.73       0.95       0.01       95.30      1.10      
       45.0 3.37       0.79       0.00       95.84      1.20      
       55.0 3.58       1.41       0.00       95.01      0.40      
       65.0 3.78       0.56       0.00       95.65      0.70      
       75.0 3.91       0.78       0.00       95.30      1.30      
       85.0 3.88       0.87       0.00       95.24      1.00      
       95.0 3.75       0.86       0.01       95.39      0.70      
      105.0 3.25       0.70       0.00       96.04      1.10      
      115.0 3.69       0.71       0.00       95.59      1.30      
      125.0 3.64       0.84       0.00       95.52      0.60      
      135.0 3.77       0.85       0.01       95.37      1.20      
      145.0 3.67       0.95       0.00       95.37      1.00      
      155.0 3.10       0.84       0.01       96.05      1.00      
      165.0 3.49       0.64       0.00       95.87      1.00      
      175.0 3.78       0.74       0.00       95.47      1.60      
      185.0 3.65       0.83       0.01       95.52      1.30      
      195.0 3.09       0.75       0.00       96.15      1.20      
      205.0 3.41       0.84       0.01       95.74      1.20      
      215.0 3.77       0.77       0.00       95.46      1.20      
      225.0 3.71       0.82       0.00       95.47      1.40      
      235.0 3.13       0.73       0.00       96.14      1.00      
      245.0 3.61       0.53       0.00       95.87      0.60      
      255.0 3.81       0.78       0.00       95.40      1.10      
      265.0 3.63       0.92       0.00       95.45      2.00      
      275.0 3.11       0.46       0.01       96.43      0.70      
      285.0 3.75       0.75       0.00       95.49      1.30      
      295.0 3.78       0.85       0.01       95.36      3.20      
      305.0 3.21       0.91       0.01       95.87      1.20      
      315.0 3.54       0.39       0.00       96.07      1.20      
      325.0 3.80       0.78       0.00       95.41      1.90      
      335.0 3.71       0.85       0.00       95.43      1.90      
      345.0 3.21       0.92       0.00       95.87      1.50      
      355.0 3.37       0.53       0.00       96.10      1.00      
      365.0 3.69       0.72       0.00       95.59      0.80      
      375.0 3.75       0.80       0.00       95.45      1.70      
      385.0 3.59       0.89       0.00       95.52      1.10      
      395.0 3.11       0.72       0.00       96.17      0.70      
      405.0 3.49       0.60       0.00       95.90      1.60      
      415.0 3.71       0.76       0.00       95.53      0.90      
      425.0 3.64       0.85       0.00       95.51      0.70      
      435.0 3.21       0.94       0.01       95.84      1.60      
      445.0 4.43       0.56       0.01       95.01      1.30      
      455.0 8.12       0.73       0.00       91.14      0.60      
      465.0 9.68       1.49       0.00       88.83      1.10      
      475.0 4.21       1.45       0.01       94.33      0.40      
      485.0 5.11       1.07       0.00       93.82      1.60      
      495.0 5.53       1.49       0.01       92.97      1.20      
      505.0 5.50       1.73       0.01       92.76      1.00      
      515.0 5.08       1.51       0.06       93.35      1.40      
      525.0 5.56       1.26       0.00       93.18      1.50      
      535.0 5.35       1.65       0.01       92.99      0.90      
      545.0 5.64       1.47       0.00       92.89      0.50      
      555.0 5.18       1.40       0.01       93.42      1.60      
      565.0 5.67       1.27       0.01       93.05      1.00      
      575.0 5.80       1.73       0.01       92.47      0.70      
      585.0 5.83       2.02       0.01       92.14      1.90      
      595.0 5.21       1.61       0.01       93.17      2.00      
      605.0 5.49       1.44       0.01       93.06      0.80      
      615.0 5.51       1.43       0.01       93.04      1.40      
      625.0 5.75       1.46       0.01       92.78      1.60      
      635.0 5.88       1.62       0.01       92.49      0.70      
      645.0 5.62       1.64       0.01       92.74      1.30      
      655.0 5.33       1.47       0.01       93.20      1.10      
      665.0 5.35       1.39       0.02       93.24      1.10      
      675.0 5.82       1.37       0.01       92.79      1.10      
      685.0 5.88       1.63       0.01       92.48      1.00      
      695.0 5.74       1.61       0.00       92.65      0.60      
      705.0 5.28       1.58       0.01       93.14      1.40      
      715.0 5.19       1.34       0.01       93.46      0.50      
      725.0 5.69       1.30       0.00       93.01      1.20      
      735.0 5.83       1.63       0.01       92.53      1.10      
      745.0 5.71       1.80       0.01       92.48      0.60      
      755.0 6.18       1.70       0.01       92.12      1.30      
      765.0 49.85      3.77       0.10       46.28      1.60      
      775.0 4.87       2.26       0.01       92.85      1.60      
      785.0 4.78       1.91       0.01       93.30      0.80      
      795.0 5.83       1.24       0.00       92.93      2.50      
      805.0 6.20       1.69       0.01       92.10      0.70      
      815.0 5.90       1.67       0.03       92.39      1.80      
      825.0 5.75       1.43       0.00       92.82      2.30      
      835.0 5.64       1.35       0.00       93.01      1.20      
      845.0 5.36       1.53       0.02       93.09      2.50      
      855.0 6.71       3.47       0.01       89.82      1.50      
      865.0 5.55       1.76       0.01       92.69      1.20      
      875.0 5.73       1.58       0.01       92.68      2.10      
      885.0 5.73       1.57       0.02       92.67      1.10      
      895.0 5.51       1.53       0.01       92.95      1.40      
      905.0 5.86       1.36       0.00       92.78      1.80      
      915.0 5.96       1.79       0.01       92.23      2.00      
      925.0 5.89       1.77       0.01       92.34      1.10      
      935.0 5.08       1.78       0.01       93.14      2.50      
      945.0 5.48       1.84       0.01       92.67      2.50      
      955.0 5.01       1.47       0.01       93.51      0.40      
      965.0 5.56       1.46       0.01       92.98      1.40      
      975.0 5.55       1.82       0.01       92.63      1.30      
      985.0 5.02       1.90       0.01       93.07      0.50      
      995.0 5.05       1.31       0.01       93.64      0.80      
     1005.0 5.26       1.27       0.01       93.47      1.30      
     1015.0 5.74       1.70       0.01       92.55      0.90      
     1025.0 5.71       1.72       0.01       92.56      1.50      
     1035.0 5.45       1.93       0.01       92.62      1.30      
     1045.0 4.52       1.41       0.00       94.07      0.70      
     1055.0 5.30       1.19       0.00       93.51      0.90      
     1065.0 5.59       1.79       0.01       92.61      1.40      
     1075.0 5.75       1.69       0.01       92.55      1.40      
     1085.0 5.59       1.70       0.01       92.70      1.00      
     1095.0 5.27       1.58       0.01       93.15      1.10      
     1105.0 5.44       1.39       0.02       93.15      0.70      
     1115.0 5.33       1.54       0.01       93.12      0.70      
     1125.0 5.64       1.50       0.01       92.85      1.60      
     1135.0 5.88       1.77       0.02       92.33      0.70      
     1145.0 5.84       1.72       0.02       92.42      1.60      
     1155.0 5.39       1.39       0.01       93.22      1.60      
     1165.0 5.65       1.45       0.00       92.89      1.00      
     1175.0 5.91       1.66       0.01       92.42      0.80      
     1185.0 5.39       1.85       0.01       92.74      2.50      
     1195.0 5.79       1.53       0.00       92.67      1.20      
     1205.0 5.75       1.65       0.01       92.59      1.20      
     1215.0 5.34       1.52       0.02       93.13      1.50      
     1225.0 5.66       1.42       0.01       92.91      0.90      
     1235.0 5.84       1.60       0.01       92.55      1.60      
     1245.0 5.68       1.65       0.01       92.66      1.40      
     1255.0 5.47       1.55       0.01       92.97      1.60      
     1265.0 5.64       1.32       0.01       93.04      0.70      
     1275.0 5.35       1.49       0.01       93.15      1.30      
     1285.0 5.70       1.47       0.01       92.82      1.20      
     1295.0 5.92       1.62       0.01       92.45      0.70      
     1305.0 5.43       1.44       0.01       93.12      1.20      
     1315.0 5.80       1.46       0.01       92.74      1.00      
     1325.0 5.34       1.59       0.01       93.05      0.90      
     1335.0 5.85       1.33       0.01       92.81      1.20      
     1345.0 5.76       1.50       0.02       92.72      1.10      
     1355.0 5.79       1.76       0.01       92.44      1.20      
     1365.0 5.23       1.49       0.01       93.27      1.80      
     1375.0 5.02       1.44       0.01       93.54      1.00      
     1385.0 5.69       1.40       0.01       92.90      2.40      
     1395.0 5.80       1.61       0.01       92.57      1.70      
     1405.0 5.61       1.68       0.01       92.70      1.20      
     1415.0 4.97       1.55       0.00       93.48      2.70      
     1425.0 5.48       2.00       0.00       92.52      1.10      
     1435.0 5.50       1.58       0.01       92.91      0.40      
     1445.0 5.65       1.54       0.01       92.81      1.50      
     1455.0 5.71       1.41       0.02       92.86      1.10      
     1465.0 5.18       1.62       0.02       93.18      0.30      
     1475.0 5.78       1.47       0.01       92.75      1.00      
     1485.0 5.80       1.60       0.01       92.59      1.80      
     1495.0 5.84       1.57       0.01       92.58      0.40      
     1505.0 5.77       1.87       0.02       92.34      0.80      
     1515.0 4.79       1.47       0.01       93.72      1.80      
     1525.0 5.45       1.08       0.03       93.44      0.40      
     1535.0 5.73       1.59       0.01       92.67      0.60      
     1545.0 5.91       1.63       0.02       92.44      1.40      
     1555.0 5.74       1.70       0.01       92.55      1.20      
     1565.0 5.31       1.56       0.01       93.12      0.70      
     1575.0 5.66       1.29       0.01       93.04      1.30      
     1585.0 5.20       1.48       0.01       93.30      0.40      
     1595.0 5.65       1.73       0.02       92.60      0.80      
     1605.0 5.39       1.51       0.01       93.10      1.30      
     1615.0 5.26       1.47       0.01       93.26      0.30      
     1625.0 5.56       1.46       0.00       92.98      2.50      
     1635.0 5.54       1.58       0.06       92.83      1.30      
     1645.0 5.10       1.62       0.01       93.27      0.80      
     1655.0 4.88       1.13       0.01       93.98      1.90      
     1665.0 5.81       1.42       0.02       92.75      1.70      
     1675.0 5.74       1.70       0.01       92.56      0.60      
     1685.0 5.42       1.89       0.01       92.68      0.80      
     1695.0 5.53       1.39       0.01       93.08      1.30      
     1705.0 5.16       1.25       0.00       93.59      1.60      
     1715.0 5.79       1.62       0.02       92.57      0.30      
     1725.0 5.62       1.61       0.02       92.76      1.30      
     1735.0 5.50       1.86       0.01       92.63      1.30      
     1745.0 5.47       1.55       0.01       92.96      1.00      
     1755.0 4.52       1.56       0.01       93.91      1.10      
     1765.0 5.61       1.97       0.01       92.41      1.60      
     1775.0 5.16       1.71       0.01       93.12      1.70      
     1785.0 5.64       1.78       0.01       92.57      1.70      
     1795.0 5.36       1.61       0.01       93.02      2.00      
     1805.0 5.68       1.63       0.01       92.69      0.70      
     1815.0 5.06       1.47       0.01       93.46      1.40      
     1825.0 5.72       1.39       0.01       92.88      1.50      
     1835.0 5.97       1.63       0.01       92.39      0.80      
     1845.0 5.33       1.76       0.01       92.90      1.10      
     1855.0 5.52       1.44       0.02       93.03      1.30      
     1865.0 6.00       1.43       0.00       92.57      1.10      
     1875.0 5.29       1.64       0.01       93.06      1.20      
     1885.0 5.15       1.48       0.01       93.36      1.00      
     1895.0 5.72       1.31       0.01       92.97      1.60      
     1905.0 5.92       1.75       0.01       92.32      1.50      
     1915.0 5.37       1.61       0.01       93.01      1.20      
     1925.0 5.71       1.37       0.01       92.91      0.70      
     1935.0 5.79       1.73       0.01       92.46      2.30      
     1945.0 5.25       1.67       0.01       93.07      0.30      
     1955.0 5.10       1.32       0.00       93.58      1.10      
     1965.0 5.83       1.53       0.01       92.63      1.30      
     1975.0 5.75       1.58       0.01       92.66      0.30      
     1985.0 4.94       1.28       0.01       93.77      1.20      
     1995.0 6.03       1.68       0.01       92.28      1.20      
     2005.0 5.78       1.77       0.01       92.44      1.00      
     2015.0 5.24       1.59       0.01       93.16      0.70      
     2025.0 5.62       1.36       0.01       93.02      1.20      
     2035.0 5.82       1.63       0.01       92.54      1.20      
     2045.0 4.63       1.58       0.01       93.78      0.60      
     2055.0 5.54       1.31       0.01       93.14      1.00      
     2065.0 5.89       1.50       0.00       92.61      1.00      
     2075.0 5.38       1.72       0.01       92.89      1.30      
     2085.0 5.58       1.38       0.01       93.03      1.10      
     2095.0 46.02      4.71       0.00       49.27      0.40      
     2105.0 7.73       3.24       0.01       89.03      1.00      
     2115.0 1.96       3.64       0.01       94.40      1.00      
     2125.0 1.70       3.40       0.00       94.90      0.30      
     2135.0 2.47       2.52       0.00       95.00      1.30      
     2145.0 5.55       1.45       0.01       93.00      1.10      
     2155.0 4.29       1.33       0.03       94.35      0.60      
     2165.0 4.97       1.05       0.00       93.97      1.40      
     2175.0 5.54       1.58       0.00       92.87      0.90      
     2185.0 4.34       1.97       0.01       93.68      0.40      
     2195.0 6.02       2.92       0.01       91.05      1.50      
     2205.0 5.76       1.48       0.00       92.76      0.90      
     2215.0 5.14       1.95       0.00       92.90      0.80      
     2225.0 4.94       1.02       0.01       94.04      1.40      
     2235.0 5.77       1.42       0.00       92.80      1.00      
     2245.0 5.77       1.70       0.01       92.52      0.30      
     2255.0 5.12       1.47       0.01       93.39      1.40      
     2265.0 5.05       1.35       0.01       93.59      1.20      
     2275.0 5.28       1.66       0.01       93.05      0.40      
     2285.0 5.18       1.98       0.01       92.83      1.20      
     2295.0 5.35       1.58       0.01       93.07      1.00      
     2305.0 5.00       1.37       0.02       93.61      1.10      
     2315.0 5.56       1.42       0.01       93.01      0.80      
     2325.0 5.75       1.80       0.01       92.44      1.60      
     2335.0 5.09       2.01       0.01       92.89      0.40      
     2345.0 4.92       1.47       0.01       93.60      1.30      
     2355.0 5.74       1.30       0.00       92.96      1.20      
     2365.0 5.70       1.58       0.02       92.70      3.00      
     2375.0 5.46       1.87       0.01       92.66      1.20      
     2385.0 5.28       1.84       0.01       92.87      4.50      
     2395.0 5.77       1.52       0.00       92.72      1.40      
     2405.0 5.59       1.88       0.01       92.53      1.20      
     2415.0 5.85       1.77       0.02       92.36      1.50      
     2425.0 5.13       1.65       0.00       93.22      1.30      
     2435.0 5.51       1.47       0.01       93.01      0.80      
     2445.0 5.22       1.64       0.01       93.13      1.00      
     2455.0 4.04       2.10       0.01       93.85      1.60      
     2465.0 4.93       2.46       0.01       92.60      0.70      
     2475.0 3.43       1.82       0.01       94.75      0.90      
     2485.0 5.72       1.55       0.00       92.72      1.20      
     2495.0 5.27       1.61       0.01       93.11      1.30      
     2505.0 5.32       1.30       0.01       93.36      1.10      
     2515.0 5.62       1.53       0.00       92.84      0.70      
     2525.0 5.66       1.81       0.01       92.52      1.60      
     2535.0 3.71       1.59       0.01       94.70      0.90      
     2545.0 5.94       1.55       0.01       92.50      0.40      
     2555.0 5.77       1.85       0.01       92.37      0.80      
     2565.0 4.67       1.34       0.04       93.96      1.80      
     2575.0 5.49       1.15       0.00       93.36      0.80      
     2585.0 5.59       1.79       0.02       92.60      0.30      
     2595.0 4.53       1.76       0.01       93.70      1.30      
     2605.0 5.31       0.86       0.00       93.84      0.40      
     2615.0 5.67       1.64       0.07       92.61      0.70      
     2625.0 5.02       1.71       0.02       93.25      1.30      
     2635.0 4.89       1.12       0.00       93.99      0.90      
     2645.0 5.67       1.59       0.02       92.72      1.10      
     2655.0 5.24       1.65       0.02       93.09      1.10      
     2665.0 4.96       1.44       0.01       93.59      1.60      
     2675.0 5.69       1.28       0.00       93.02      1.00      
     2685.0 5.80       1.74       0.01       92.45      1.40      
     2695.0 5.23       1.56       0.01       93.21      1.20      
     2705.0 5.63       1.36       0.03       92.98      1.00      
     2715.0 5.30       1.55       0.04       93.10      1.50      
     2725.0 5.06       1.31       0.02       93.61      0.50      
     2735.0 3.65       2.84       0.05       93.46      0.80      
     2745.0 3.90       1.91       0.09       94.10      1.00      
     2755.0 5.71       1.69       0.08       92.52      1.30      
     2765.0 4.91       2.12       0.12       92.86      1.10      
     2775.0 4.95       1.18       0.02       93.85      1.00      
     2785.0 5.81       1.53       0.01       92.66      0.80      
     2795.0 5.89       1.72       0.11       92.27      248.30    
     2805.0 5.12       1.29       0.11       93.48      1.00      
     2815.0 5.69       1.52       0.02       92.77      0.40      
     2825.0 5.77       1.76       0.03       92.45      1.50      
     2835.0 4.72       1.56       0.04       93.69      1.00      
     2845.0 3.52       3.17       0.02       93.29      0.70      
     2855.0 1.51       3.72       0.01       94.76      0.90      
     2865.0 1.35       3.84       0.01       94.80      1.60      
     2875.0 1.20       3.56       0.00       95.24      0.40      
     2885.0 1.16       3.49       0.00       95.35      1.10      
     2895.0 1.33       3.17       0.00       95.49      1.30      
     2905.0 3.15       1.57       0.08       95.20      0.30      
     2915.0 3.14       2.34       0.02       94.50      0.70      
     2925.0 0.92       3.59       0.01       95.48      1.90      
     2935.0 0.91       3.82       0.02       95.26      0.70      
     2945.0 0.89       3.59       0.00       95.51      0.70      
     2955.0 0.85       3.64       0.00       95.51      1.20      
     2965.0 3.10       2.65       0.02       94.23      3.50      
     2975.0 1.00       3.83       0.00       95.17      1.30      
     2985.0 1.03       3.86       0.02       95.10      5.50      
     2995.0 0.77       3.97       0.01       95.25      0.70      
     3005.0 0.84       3.66       0.00       95.49      1.30      
     3015.0 0.91       3.59       0.00       95.51      1.30      
     3025.0 1.08       3.39       0.00       95.53      1.80      
     3035.0 2.76       2.14       0.00       95.10      0.20      
     3045.0 2.00       8.57       0.01       89.41      1.20      
     3055.0 1.22       8.87       0.00       89.91      0.80      
     3065.0 0.93       17.93      0.00       81.14      0.80      
     3075.0 1.04       8.32       0.00       90.64      1.20      
     3085.0 1.03       5.82       0.00       93.15      1.00      
     3095.0 1.56       3.08       0.00       95.36      0.80      
     3105.0 0.95       3.62       0.00       95.43      1.30      
     3115.0 1.20       3.33       0.00       95.47      0.30      
     3125.0 0.91       3.53       0.00       95.56      0.80      
     3135.0 0.93       3.46       0.00       95.61      1.40      
     3145.0 0.56       3.84       0.00       95.60      0.30      
     3155.0 0.82       4.09       0.00       95.09      0.70      
     3165.0 0.64       7.21       0.00       92.14      1.30      
     3175.0 0.60       3.83       0.00       95.56      0.30      
     3185.0 0.65       3.77       0.00       95.58      0.80      
     3195.0 0.70       9.29       0.00       90.01      1.10      
     3205.0 0.78       12.47      0.00       86.76      0.70      
     3215.0 1.12       7.43       0.00       91.45      0.70      
     3225.0 0.68       3.73       0.00       95.59      1.20      
     3235.0 1.75       7.59       0.02       90.64      0.80      
     3245.0 0.70       24.96      0.00       74.34      1.00      
     3255.0 0.70       15.40      0.01       83.89      4.40      
     3265.0 1.85       2.84       0.00       95.31      0.40      
     3275.0 2.23       2.31       0.00       95.46      0.60      
     3285.0 1.96       2.56       0.00       95.47      2.50      
     3295.0 1.48       3.01       0.00       95.51      0.30      
     3305.0 1.40       3.01       0.00       95.58      0.70      
     3315.0 2.73       2.34       0.00       94.93      1.20      
     3325.0 2.26       2.00       0.10       95.64      0.70      
     3335.0 1.08       9.54       0.01       89.38      0.70      
     3345.0 0.88       10.35      0.00       88.78      1.20      
     3355.0 2.13       6.39       0.00       91.48      0.30      
     3365.0 1.96       8.12       0.00       89.92      1.10      
     3375.0 1.34       3.19       0.00       95.47      1.20      
     3385.0 1.59       2.93       0.00       95.48      0.40      
     3395.0 3.32       4.14       0.02       92.52      0.70      
     3405.0 1.25       4.37       0.00       94.38      1.30      
     3415.0 0.98       3.57       0.00       95.46      0.30      
     3425.0 1.22       3.59       0.02       95.17      3.60      
     3435.0 1.85       2.55       0.00       95.60      2.00      
     3445.0 1.88       2.52       0.00       95.60      0.70      
     3455.0 3.16       1.91       0.00       94.93      0.70      
     3465.0 2.02       2.76       0.01       95.21      2.80      
     3475.0 1.24       3.17       0.00       95.59      0.30      
     3485.0 1.93       2.63       0.00       95.44      1.10      
     3495.0 1.80       2.64       0.00       95.56      1.50      
     3505.0 0.89       3.54       0.00       95.58      0.50      
     3515.0 2.42       2.64       0.00       94.94      0.80      
     3525.0 0.77       3.63       0.01       95.59      1.40      
     3535.0 0.88       3.49       0.00       95.63      0.30      
     3545.0 0.58       3.94       0.00       95.48      0.80      
     3555.0 0.60       3.79       0.00       95.60      1.10      
     3565.0 1.01       4.70       0.00       94.29      1.80      
     3575.0 0.70       4.99       0.00       94.31      0.60      
     3585.0 1.05       23.18      0.00       75.76      1.80      
     3595.0 0.86       11.66      0.00       87.47      0.80      
     3605.0 0.80       3.78       0.00       95.42      1.70      
     3615.0 0.91       3.64       0.00       95.44      1.30      
     3625.0 1.06       3.52       0.00       95.42      0.90      
     3635.0 1.34       3.21       0.00       95.46      1.10      
     3645.0 0.76       3.73       0.00       95.51      1.30      
     3655.0 1.11       3.29       0.00       95.60      0.60      
     3665.0 1.39       2.96       0.00       95.65      0.80      
     3675.0 1.70       2.64       0.00       95.66      1.20      
     3685.0 1.34       3.02       0.00       95.64      0.30      
     3695.0 1.19       7.52       0.00       91.29      1.00      
     3705.0 2.17       13.05      0.14       84.63      1.20      
     3715.0 0.80       22.68      0.00       76.52      0.30      
     3725.0 1.27       7.40       0.00       91.33      0.70      
     3735.0 1.16       3.40       0.00       95.44      1.40      
     3745.0 1.05       3.49       0.00       95.45      0.60      
     3755.0 0.82       3.69       0.00       95.48      0.80      
     3765.0 1.02       3.46       0.00       95.52      1.10      
     3775.0 1.24       3.17       0.00       95.59      1.20      
     3785.0 1.20       3.11       0.00       95.69      0.60      
     3795.0 1.69       2.82       0.00       95.48      1.30      
     3805.0 1.70       3.16       0.04       95.11      0.20      
     3815.0 1.03       3.34       0.00       95.63      1.00      
     3825.0 1.20       3.18       0.00       95.63      1.10      
     3835.0 1.29       3.08       0.00       95.63      0.40      
     3845.0 1.33       7.27       0.00       91.41      1.00      
     3855.0 2.31       4.45       0.00       93.24      1.30      
     3865.0 1.97       2.45       0.00       95.58      0.60      
     3875.0 1.92       2.50       0.00       95.58      0.80      
     3885.0 1.54       3.05       0.18       95.23      1.20      
     3895.0 2.22       4.88       0.01       92.90      0.70      
     3905.0 1.16       3.97       0.00       94.86      1.00      
     3915.0 0.70       3.81       0.00       95.50      1.40      
     3925.0 0.70       3.78       0.00       95.52      0.20      
     3935.0 0.76       3.69       0.00       95.54      1.40      
     3945.0 0.71       3.74       0.00       95.55      1.40      
     3955.0 0.94       3.48       0.00       95.58      0.90      
     3965.0 1.82       2.55       0.00       95.63      0.60      
     3975.0 3.01       2.00       0.01       94.98      1.20      
     3985.0 1.15       3.21       0.02       95.63      1.10      
     3995.0 1.03       3.36       0.00       95.61      0.30      
     4005.0 0.88       3.61       0.00       95.51      1.10      
     4015.0 0.88       3.52       0.01       95.59      0.40      
     4025.0 1.11       3.30       0.00       95.60      0.90      
     4035.0 1.39       3.42       0.00       95.18      1.20      
     4045.0 2.02       3.10       0.00       94.88      0.30      
     4055.0 0.78       3.61       0.00       95.61      1.10      
     4065.0 0.78       3.61       0.00       95.61      1.10      
     4075.0 1.04       3.42       0.00       95.54      0.60      
     4085.0 1.21       3.17       0.00       95.62      0.70      
     4095.0 1.32       3.05       0.00       95.63      1.40      
     4105.0 1.83       2.57       0.01       95.59      0.50      
     4115.0 1.56       6.10       0.03       92.31      0.80      
     4125.0 0.81       3.64       0.00       95.55      1.10      
     4135.0 0.90       3.53       0.00       95.57      0.40      
     4145.0 0.81       10.08      0.00       89.11      1.30      
     4155.0 2.01       8.27       0.00       89.72      1.30      
     4165.0 1.33       3.15       0.00       95.52      1.10      
     4175.0 1.89       2.56       0.00       95.55      0.70      
     4185.0 2.66       5.46       0.00       91.88      2.50      
     4195.0 1.01       4.37       0.00       94.62      0.90      
     4205.0 1.03       3.47       0.00       95.50      1.10      
     4215.0 1.22       3.25       0.00       95.53      1.50      
     4225.0 1.69       2.77       0.00       95.54      1.20      
     4235.0 1.64       2.81       0.00       95.55      1.00      
     4245.0 2.79       1.73       0.04       95.44      1.60      
     4255.0 1.44       3.68       0.00       94.87      1.30      
     4265.0 0.92       3.46       0.00       95.62      1.00      
     4275.0 0.92       3.67       0.02       95.40      1.50      
     4285.0 0.94       3.44       0.01       95.62      1.10      
     4295.0 0.83       3.57       0.00       95.60      0.70      
     4305.0 0.83       3.56       0.00       95.61      1.10      
     4315.0 1.23       3.14       0.01       95.63      0.90      
     4325.0 1.47       2.90       0.00       95.63      0.80      
     4335.0 0.97       10.25      0.00       88.78      1.30      
     4345.0 2.67       27.08      0.00       70.25      0.90      
     4355.0 1.20       94.86      0.00       3.94       1.10      
     4365.0 1.19       94.89      0.00       3.91       1.10      
     4375.0 1.33       92.27      0.00       6.39       0.30      
     4385.0 2.14       76.46      0.00       21.40      1.70      
     4395.0 1.73       60.38      0.00       37.89      1.30      
     4405.0 1.41       53.84      0.00       44.75      0.90      
     4415.0 1.53       55.77      0.00       42.70      3.30      
     4425.0 2.00       45.74      0.00       52.27      1.10      
     4435.0 17.51      13.52      0.00       68.97      0.70      
     4445.0 37.08      5.47       0.00       57.45      0.70      
     4455.0 1.48       6.59       0.00       91.93      2.00      
     4465.0 1.86       8.32       0.00       89.82      0.40      
     4475.0 1.20       3.78       0.00       95.02      1.00      
     4485.0 1.17       3.72       0.00       95.11      2.10      
     4495.0 1.35       3.46       0.00       95.19      1.80      
     4505.0 0.80       3.76       0.00       95.44      0.90      
     4515.0 0.65       3.71       0.00       95.64      1.40      
     4525.0 0.77       3.52       0.07       95.63      0.30      
     4535.0 0.59       3.83       0.04       95.54      1.20      
     4545.0 0.54       3.78       0.01       95.67      1.10      
     4555.0 0.53       3.78       0.01       95.68      0.30      
     4565.0 0.54       3.82       0.01       95.63      0.40      
     4575.0 0.63       3.72       0.00       95.65      1.70      
     4585.0 0.60       3.73       0.01       95.67      0.50      
     4595.0 0.79       3.58       0.05       95.58      247.90    
     4605.0 0.56       3.79       0.00       95.65      1.70      
     4615.0 0.65       7.96       0.00       91.40      0.30      
     4625.0 0.67       10.14      0.00       89.19      0.20      
     4635.0 1.03       9.81       0.00       89.15      1.80      
     4645.0 0.97       10.30      0.00       88.73      0.40      
     4655.0 1.16       7.56       0.00       91.28      0.90      
     4665.0 0.97       28.06      0.00       70.97      1.20      
     4675.0 1.01       16.19      0.00       82.80      0.80      
     4685.0 1.05       5.06       0.00       93.88      0.50      
     4695.0 1.11       3.61       0.00       95.28      2.00      
     4705.0 0.96       3.66       0.00       95.38      1.10      
     4715.0 0.92       39.33      0.00       59.75      0.20      
     4725.0 0.99       22.37      0.00       76.65      1.30      
     4735.0 1.43       5.88       0.00       92.69      1.40      
     4745.0 1.03       11.77      0.00       87.21      0.40      
     4755.0 0.94       26.27      0.00       72.79      1.30      
     4765.0 0.93       12.97      0.00       86.10      1.40      
     4775.0 1.58       5.66       0.00       92.76      0.70      
     4785.0 0.89       4.14       0.00       94.97      2.00      
     4795.0 0.84       3.88       0.00       95.28      1.50      
     4805.0 0.97       3.68       0.00       95.35      2.50      
     4815.0 0.75       3.81       0.00       95.45      1.40      
     4825.0 0.76       3.81       0.00       95.43      1.70      
     4835.0 0.71       3.79       0.00       95.50      1.70      
     4845.0 0.74       3.69       0.00       95.56      1.50      
     4855.0 0.71       3.68       0.00       95.61      0.70      
     4865.0 0.59       3.81       0.00       95.60      0.90      
     4875.0 0.56       3.81       0.00       95.63      1.50      
     4885.0 0.57       3.78       0.00       95.65      0.30      
     4895.0 0.57       3.84       0.00       95.59      0.90      
     4905.0 0.98       4.09       0.00       94.93      1.40      
     4915.0 6.71       8.91       0.00       84.37      1.00      
     4925.0 1.00       3.74       0.01       95.25      1.10      
     4935.0 0.85       3.75       0.00       95.40      1.20      
     4945.0 0.79       3.80       0.00       95.40      1.00      
     4955.0 0.83       3.84       0.01       95.32      0.40      
     4965.0 0.82       3.76       0.03       95.39      1.60      
     4975.0 0.65       3.79       0.01       95.55      1.00      
     4985.0 0.56       3.81       0.01       95.62      0.40      
     4995.0 0.56       3.79       0.01       95.64      1.80      
     5005.0 0.66       3.68       0.02       95.65      0.60      
     5015.0 1.87       2.47       0.01       95.66      0.30      
     5025.0 1.85       6.19       0.00       91.96      2.10      
     5035.0 1.94       8.46       0.00       89.61      0.70      
     5045.0 2.27       22.07      0.00       75.66      0.40      
     5055.0 2.09       26.27      0.00       71.63      1.50      
     5065.0 2.00       18.63      0.00       79.37      1.20      
     5075.0 2.05       3.53       0.00       94.42      0.30      
     5085.0 2.01       2.54       0.00       95.45      1.60      
     5095.0 1.84       11.43      0.00       86.73      4.80      
     5105.0 1.14       59.41      0.00       39.45      0.80      
     5115.0 1.23       61.32      0.00       37.46      1.30      
     5125.0 1.23       61.33      0.00       37.44      1.00      
     5135.0 5.20       65.56      0.00       29.23      0.20      
     5145.0 11.03      66.36      0.00       22.60      1.60      
     5155.0 13.27      34.86      0.00       51.87      1.00      
     5165.0 11.54      14.30      0.00       74.16      2.00      
     5175.0 2.91       7.45       0.00       89.64      1.80      
     5185.0 2.82       21.92      0.00       75.26      0.70      
     5195.0 3.28       6.24       0.00       90.48      0.10      
     5205.0 2.97       3.70       0.00       93.32      1.70      
     5215.0 2.45       2.56       0.00       94.98      1.40      
     5225.0 2.24       2.70       0.00       95.06      1.30      
     5235.0 2.14       2.44       0.00       95.42      2.10      
     5245.0 2.10       8.16       0.00       89.75      0.70      
     5255.0 3.03       2.90       0.17       93.91      0.20      
     5265.0 1.05       3.41       0.14       95.40      2.60      
     5275.0 0.93       3.79       0.02       95.25      0.80      
     5285.0 0.72       4.02       0.01       95.26      0.70      
     5295.0 0.72       3.79       0.01       95.49      1.20      
     5305.0 0.75       10.57      0.01       88.67      1.00      
     5315.0 0.68       11.31      0.00       88.01      0.20      
     5325.0 0.65       11.33      0.00       88.02      1.40      
     5335.0 0.68       9.29       0.00       90.03      0.50      
     5345.0 0.75       4.51       0.01       94.73      0.30      
     5355.0 0.84       21.72      0.00       77.44      1.40      
     5365.0 0.73       20.98      0.00       78.28      1.40      
     5375.0 0.93       7.81       0.01       91.25      0.20      
     5385.0 1.02       4.10       0.01       94.87      2.00      
     5395.0 1.44       7.31       0.00       91.25      1.80      
     5405.0 0.82       3.80       0.00       95.38      0.70      
     5415.0 0.86       3.73       0.01       95.40      1.50      
     5425.0 0.86       3.72       0.01       95.42      1.90      
     5435.0 0.92       3.64       0.00       95.44      0.70      
     5445.0 0.91       33.14      0.00       65.94      1.30      
     5455.0 0.86       34.42      0.00       64.72      1.40      
     5465.0 0.85       22.08      0.00       77.07      0.20      
     5475.0 1.55       10.48      0.00       87.98      1.60      
     5485.0 1.03       4.06       0.00       94.90      1.00      
     5495.0 0.76       3.79       0.00       95.45      0.20      
     5505.0 0.80       3.81       0.00       95.39      1.60      
     5515.0 0.83       3.72       0.00       95.46      2.20      
     5525.0 0.71       3.74       0.00       95.55      1.10      
     5535.0 1.00       3.41       0.00       95.59      1.50      
     5545.0 0.60       3.82       0.00       95.58      1.60      
     5555.0 0.58       3.76       0.00       95.66      0.70      
     5565.0 0.71       3.61       0.15       95.54      1.30      
     5575.0 0.57       3.77       0.04       95.63      0.70      
     5585.0 0.66       3.68       0.01       95.65      1.50      
     5595.0 0.72       8.42       0.00       90.86      1.20      
     5605.0 0.69       7.64       0.00       91.67      0.80      
     5615.0 0.94       24.97      0.00       74.08      1.20      
     5625.0 0.79       27.18      0.00       72.03      1.60      
     5635.0 0.78       16.23      0.00       82.99      0.80      
     5645.0 0.88       5.02       0.00       94.10      0.70      
     5655.0 2.38       3.23       0.00       94.39      1.30      
     5665.0 0.87       3.70       0.00       95.42      0.90      
     5675.0 1.29       8.15       0.00       90.55      0.70      
     5685.0 0.75       3.74       0.00       95.51      1.20      
     5695.0 0.67       3.78       0.00       95.54      1.00      
     5705.0 0.69       3.74       0.00       95.57      0.80      
     5715.0 0.97       11.08      0.00       87.95      1.20      
     5725.0 0.76       16.65      0.00       82.59      1.20      
     5735.0 0.83       4.08       0.00       95.09      0.70      
     5745.0 0.74       9.66       0.00       89.60      1.20      
     5755.0 1.24       9.65       0.00       89.11      0.80      
     5765.0 1.22       3.23       0.00       95.55      1.10      
     5775.0 0.89       3.55       0.00       95.56      1.70      
     5785.0 1.98       2.90       0.04       95.07      1.00      
     5795.0 0.97       3.55       0.01       95.48      0.70      
     5805.0 0.63       3.74       0.00       95.63      1.70      
     5815.0 0.57       3.84       0.01       95.58      2.00      
     5825.0 0.58       3.77       0.00       95.65      1.10      
     5835.0 0.64       3.69       0.00       95.67      1.30      
     5845.0 0.61       3.71       0.00       95.68      2.60      
