 Time         CPU_user     CPU_system   IOwait       Idle         sda:tps     
     -109.0 1.41       12.41      0.38       85.80      10.33     
      -99.0 0.25       0.70       6.97       92.09      13.30     
      -89.0 0.12       0.70       4.85       94.33      2.50      
      -79.0 0.20       0.55       4.45       94.81      2.80      
      -69.0 0.38       0.60       3.99       95.03      7.20      
      -59.0 0.56       1.11       4.43       93.89      49.60     
      -49.0 2.89       0.78       4.05       92.29      10.40     
      -39.0 5.35       1.10       4.05       89.50      4.70      
      -29.0 7.37       1.52       0.34       90.77      10.60     
      -19.0 6.93       2.34       0.04       90.69      2.70      
       -9.0 6.34       5.65       0.05       87.96      6.50      
        1.0 6.27       5.19       0.07       88.48      5.30      
       11.0 6.39       5.82       0.37       87.42      14.50     
       21.0 6.32       5.56       0.01       88.11      2.20      
       31.0 7.92       3.95       0.05       88.08      6.50      
       41.0 6.85       8.14       0.28       84.73      14.40     
       51.0 6.41       5.62       0.03       87.93      6.20      
       61.0 7.96       2.82       0.03       89.19      2.50      
       71.0 11.50      8.76       0.40       79.34      1.20      
       81.0 12.53      5.87       0.05       81.55      15.90     
       91.0 13.96      5.06       0.02       80.95      1.00      
      101.0 11.81      11.06      0.47       76.66      6.30      
      111.0 12.39      7.93       0.03       79.65      9.90      
      121.0 11.00      10.73      0.07       78.19      5.80      
      131.0 11.26      10.40      0.74       77.60      3.40      
      141.0 14.32      8.43       0.26       76.99      6.30      
      151.0 14.15      12.73      0.03       73.10      13.00     
      161.0 12.80      10.54      0.56       76.11      6.20      
      171.0 12.34      7.67       0.28       79.71      0.90      
      181.0 11.77      7.87       0.03       80.34      6.50      
      191.0 12.73      9.07       1.42       76.78      11.40     
      201.0 11.78      11.45      0.36       76.41      1.00      
      211.0 12.48      7.90       0.03       79.59      5.90      
      221.0 10.15      9.97       0.16       79.72      11.60     
      231.0 14.63      11.35      0.58       73.43      6.30      
      241.0 11.82      7.33       0.09       80.76      2.10      
      251.0 11.80      11.90      0.05       76.24      5.90      
      261.0 10.85      9.99       0.71       78.45      10.20     
      271.0 13.58      8.37       0.36       77.69      5.70      
      281.0 11.50      7.30       0.03       81.16      1.60      
      291.0 12.95      13.09      0.35       73.61      6.90      
      301.0 11.34      7.88       0.87       79.91      6.00      
      311.0 12.18      7.96       0.04       79.81      1.70      
      321.0 10.42      10.11      0.08       79.40      6.60      
      331.0 13.34      11.00      0.76       74.89      8.70      
      341.0 12.87      7.79       0.04       79.30      6.60      
      351.0 11.81      11.88      0.03       76.28      1.10      
      361.0 10.62      9.82       0.33       79.23      14.30     
      371.0 12.56      7.53       0.41       79.49      2.70      
      381.0 11.80      7.11       0.06       81.03      7.00      
      391.0 13.04      10.83      0.50       75.63      1.10      
      401.0 11.81      11.34      0.38       76.48      7.70      
      411.0 12.04      6.99       0.04       80.93      7.59      
      421.0 12.38      10.55      0.10       76.98      0.40      
      431.0 12.02      10.47      0.47       77.04      10.70     
      441.0 12.91      7.72       0.18       79.20      1.30      
      451.0 12.06      12.39      0.05       75.50      7.10      
      461.0 11.29      9.90       0.31       78.51      1.80      
      471.0 13.23      7.92       0.35       78.49      13.40     
      481.0 11.73      7.49       0.05       80.73      3.30      
      491.0 12.48      12.61      0.33       74.59      1.30      
      501.0 12.19      9.60       0.35       77.86      14.40     
      511.0 11.91      7.26       0.01       80.82      1.10      
      521.0 14.55      11.05      0.68       73.72      6.20      
      531.0 11.54      10.59      0.53       77.34      2.20      
      541.0 11.63      7.68       0.04       80.65      11.50     
      551.0 11.80      11.49      0.04       76.68      1.70      
      561.0 10.65      9.63       0.38       79.33      2.20      
      571.0 12.79      7.69       0.29       79.22      13.70     
      581.0 12.65      8.06       0.02       79.27      1.70      
      591.0 12.59      10.45      0.38       76.59      6.50      
      601.0 12.43      11.00      1.05       75.52      2.10      
      611.0 11.47      7.07       0.05       81.42      13.90     
      621.0 11.20      11.02      0.05       77.74      2.60      
      631.0 12.18      10.92      0.61       76.29      5.50      
      641.0 14.00      8.34       0.25       77.41      13.10     
      651.0 12.44      12.00      0.02       75.55      1.50      
      661.0 10.87      9.64       0.35       79.15      7.60      
      671.0 12.84      7.47       0.36       79.34      1.50      
      681.0 12.75      8.63       0.04       78.57      16.90     
      691.0 12.24      12.34      0.35       75.08      0.80      
      701.0 12.05      9.72       0.35       77.88      6.60      
      711.0 13.61      7.93       0.04       78.42      10.30     
      721.0 15.34      11.69      1.16       71.82      5.90      
      731.0 12.03      10.76      0.47       76.74      1.80      
      741.0 12.24      8.29       0.04       79.43      5.30      
      751.0 11.07      11.30      0.07       77.56      11.90     
      761.0 12.23      10.63      0.51       76.62      1.50      
      771.0 13.08      8.09       0.31       78.53      6.10      
      781.0 12.21      10.63      0.03       77.13      10.60     
      791.0 11.77      10.58      1.07       76.59      6.60      
      801.0 10.89      6.31       0.48       82.31      1.00      
      811.0 12.21      7.80       0.04       79.95      5.10      
      821.0 12.45      9.95       0.42       77.18      7.50      
      831.0 12.84      11.14      1.05       74.97      7.30      
      841.0 11.68      8.03       0.02       80.28      1.00      
      851.0 11.91      11.67      0.03       76.39      11.00     
      861.0 10.91      10.14      0.74       78.21      7.30      
      871.0 13.85      8.68       0.61       76.85      0.70      
      881.0 14.02      11.35      0.04       74.60      6.40      
      891.0 10.29      10.17      0.35       79.18      10.90     
      901.0 11.85      6.98       0.33       80.84      7.50      
      911.0 12.22      8.00       0.03       79.74      2.80      
      921.0 13.22      10.34      1.18       75.27      13.80     
      931.0 12.24      11.92      0.40       75.45      1.30      
      941.0 11.68      7.23       0.05       81.04      7.90      
      951.0 11.04      11.41      0.08       77.47      2.10      
      961.0 15.50      11.42      1.41       71.67      10.80     
      971.0 12.79      7.76       0.57       78.88      4.40      
      981.0 13.08      10.69      0.02       76.21      1.40      
      991.0 10.51      9.85       0.33       79.31      13.20     
     1001.0 12.90      7.84       0.51       78.75      1.50      
     1011.0 12.03      7.75       0.05       80.17      7.30      
     1021.0 13.06      11.18      0.51       75.26      0.70      
     1031.0 11.42      10.01      0.62       77.95      10.30     
     1041.0 11.73      7.17       0.03       81.08      2.40      
     1051.0 11.75      10.11      0.04       78.10      6.00      
     1061.0 14.85      11.31      0.64       73.20      5.20      
     1071.0 11.76      7.17       0.04       81.03      1.10      
     1081.0 12.06      11.55      0.03       76.36      6.50      
     1091.0 10.79      9.47       0.43       79.31      1.30      
     1101.0 13.53      8.23       0.46       77.78      14.60     
     1111.0 12.42      7.55       0.05       79.98      2.80      
     1121.0 12.46      14.88      0.75       71.92      6.20      
     1131.0 11.10      6.72       0.39       81.79      8.70      
     1141.0 12.79      8.33       0.03       78.86      5.90      
     1151.0 12.05      9.87       0.34       77.74      4.10      
     1161.0 12.70      10.11      0.59       76.60      0.90      
     1171.0 12.65      8.32       0.04       78.99      13.60     
     1181.0 11.54      10.09      0.04       78.33      2.40      
     1191.0 11.18      10.62      0.61       77.59      6.70      
     1201.0 13.42      8.27       0.10       78.21      10.40     
     1211.0 13.83      9.63       0.04       76.50      4.90      
     1221.0 11.56      11.27      0.43       76.75      2.50      
     1231.0 13.06      7.32       0.38       79.24      6.40      
     1241.0 12.99      9.10       0.03       77.89      7.60      
     1251.0 13.13      11.68      0.51       74.69      9.00      
     1261.0 10.69      8.33       0.30       80.68      0.50      
     1271.0 13.27      9.12       0.06       77.55      13.80     
     1281.0 10.37      10.30      0.05       79.28      1.20      
     1291.0 14.51      10.89      0.67       73.92      2.20      
     1301.0 10.95      7.83       0.05       81.17      6.80      
     1311.0 15.72      11.10      0.06       73.13      8.60      
     1321.0 10.82      11.65      0.38       77.15      10.10     
     1331.0 12.41      6.83       0.31       80.45      2.00      
     1341.0 12.74      8.06       0.05       79.15      14.00     
     1351.0 13.67      14.16      0.49       71.68      0.40      
     1361.0 10.10      5.29       0.31       84.31      6.50      
     1371.0 13.68      9.10       0.03       77.18      2.40      
     1381.0 12.04      10.62      0.03       77.31      15.00     
     1391.0 14.60      12.33      1.18       71.89      1.90      
     1401.0 11.94      7.68       0.04       80.34      10.19     
     1411.0 12.05      11.70      0.01       76.25      10.70     
     1421.0 10.37      10.01      0.41       79.21      1.40      
     1431.0 13.72      8.13       0.79       77.36      6.30      
     1441.0 13.13      7.30       0.01       79.56      1.80      
     1451.0 11.72      15.22      0.35       72.71      15.70     
     1461.0 11.21      5.70       0.44       82.65      1.20      
     1471.0 13.74      9.93       0.02       76.31      6.80      
     1481.0 12.78      10.55      0.61       76.07      8.20      
     1491.0 10.83      9.55       0.24       79.38      6.00      
     1501.0 13.34      9.28       0.05       77.34      1.20      
     1511.0 10.31      10.21      0.05       79.42      8.10      
     1521.0 12.84      10.04      0.46       76.66      8.50      
     1531.0 12.03      8.30       0.18       79.49      0.70      
     1541.0 13.22      7.73       0.06       79.00      8.00      
     1551.0 11.17      13.99      0.40       74.45      8.60      
     1561.0 12.09      6.60       0.29       81.02      6.40      
     1571.0 12.80      8.97       0.02       78.21      1.80      
     1581.0 14.14      14.49      1.09       70.28      6.20      
     1591.0 10.08      6.25       0.44       83.24      8.70      
     1601.0 13.75      9.02       0.05       77.17      6.70      
     1611.0 9.31       9.48       0.07       81.14      2.70      
     1621.0 14.60      11.61      1.28       72.52      6.10      
     1631.0 11.90      8.02       0.05       80.02      6.40      
     1641.0 11.94      11.78      0.02       76.26      1.30      
     1651.0 10.96      10.15      0.79       78.10      6.10      
     1661.0 14.14      8.17       0.54       77.15      12.20     
     1671.0 13.92      11.22      0.02       74.84      5.40      
     1681.0 10.44      10.37      0.36       78.83      1.20      
     1691.0 12.12      6.56       0.39       80.93      15.20     
     1701.0 12.49      9.11       0.03       78.37      2.30      
     1711.0 13.52      13.10      0.48       72.90      6.40      
     1721.0 10.40      7.07       0.50       82.03      3.00      
     1731.0 13.34      9.03       0.01       77.62      9.00      
     1741.0 10.09      10.42      0.03       79.46      5.80      
     1751.0 14.84      11.71      0.74       72.71      1.30      
     1761.0 11.82      8.45       0.07       79.66      10.60     
     1771.0 11.81      11.11      0.02       77.06      1.20      
     1781.0 10.58      10.20      0.31       78.91      7.40      
     1791.0 12.55      7.31       0.40       79.73      1.10      
     1801.0 12.63      8.38       0.07       78.91      14.50     
     1811.0 13.84      14.77      0.57       70.83      3.20      
     1821.0 10.84      6.36       0.39       82.41      0.70      
     1831.0 12.48      8.23       0.04       79.25      14.10     
     1841.0 10.32      10.37      0.05       79.25      1.90      
     1851.0 14.92      11.84      0.51       72.73      7.10      
     1861.0 11.68      7.67       0.01       80.64      0.90      
     1871.0 12.48      11.73      0.05       75.74      13.10     
     1881.0 10.23      9.92       0.47       79.38      2.60      
     1891.0 13.59      7.78       0.39       78.24      5.80      
     1901.0 11.80      7.45       0.02       80.74      11.50     
     1911.0 13.20      14.83      1.01       70.95      1.20      
     1921.0 11.32      6.36       0.47       81.84      9.10      
     1931.0 12.96      8.89       0.03       78.13      1.70      
     1941.0 11.80      9.43       0.15       78.63      15.70     
     1951.0 12.79      11.54      0.62       75.04      2.10      
     1961.0 11.77      7.56       0.04       80.63      6.40      
     1971.0 12.07      11.54      0.02       76.36      2.00      
     1981.0 10.70      10.19      0.46       78.66      12.80     
     1991.0 13.15      7.60       0.30       78.95      1.80      
     2001.0 11.85      7.69       0.02       80.44      2.40      
     2011.0 13.33      14.60      1.02       71.05      12.60     
     2021.0 10.74      6.33       0.35       82.59      1.60      
     2031.0 13.15      8.89       0.05       77.92      6.10      
     2041.0 11.84      9.34       0.15       78.67      2.20      
     2051.0 12.78      11.51      0.92       74.79      16.30     
     2061.0 11.86      7.45       0.01       80.67      0.80      
     2071.0 12.17      11.71      0.03       76.09      3.80      
     2081.0 12.20      10.51      0.50       76.79      13.10     
     2091.0 15.39      9.09       0.46       75.06      6.10      
     2101.0 12.35      7.15       0.03       80.48      0.80      
     2111.0 12.49      15.06      0.58       71.87      7.60      
     2121.0 11.24      6.27       0.39       82.11      15.20     
     2131.0 13.24      9.18       0.05       77.54      0.60      
     2141.0 9.57       9.79       0.17       80.47      6.60      
     2151.0 14.88      11.23      0.69       73.20      11.30     
     2161.0 12.58      8.49       0.05       78.88      5.40      
     2171.0 11.30      10.65      0.04       78.01      2.10      
     2181.0 12.39      10.17      0.54       76.91      6.70      
     2191.0 12.71      9.29       0.15       77.85      9.20      
     2201.0 13.62      10.83      0.05       75.50      6.50      
     2211.0 10.40      11.18      0.64       77.77      1.30      
     2221.0 12.15      6.55       0.25       81.05      6.30      
     2231.0 12.29      8.46       0.05       79.21      6.00      
     2241.0 12.94      10.27      0.36       76.44      1.20      
     2251.0 11.35      10.30      0.49       77.86      7.20      
     2261.0 12.30      8.32       0.02       79.36      13.90     
     2271.0 11.37      11.01      0.04       77.59      5.70      
     2281.0 13.90      9.54       0.72       75.84      2.30      
     2291.0 11.13      8.36       0.05       80.46      14.30     
     2301.0 12.60      7.84       0.02       79.53      1.60      
     2311.0 11.11      14.23      0.37       74.28      6.40      
     2321.0 12.50      6.91       0.38       80.20      2.60      
     2331.0 14.11      9.03       0.05       76.81      12.00     
     2341.0 13.81      14.50      0.50       71.19      1.00      
     2351.0 9.99       5.47       0.40       84.14      1.40      
     2361.0 14.16      9.28       0.04       76.53      13.40     
     2371.0 9.98       9.47       0.03       80.53      4.30      
     2381.0 14.65      10.90      0.53       73.91      6.40      
     2391.0 11.87      7.73       0.02       80.38      0.80      
     2401.0 12.36      11.36      0.03       76.25      14.80     
     2411.0 10.38      10.12      0.39       79.11      4.50      
     2421.0 13.70      8.15       0.58       77.57      6.00      
     2431.0 12.80      7.21       0.02       79.97      9.30      
     2441.0 12.62      15.41      0.51       71.47      2.80      
     2451.0 11.14      6.01       0.28       82.57      5.90      
     2461.0 12.90      8.94       0.04       78.12      0.50      
     2471.0 10.48      9.59       0.11       79.82      14.80     
     2481.0 13.64      11.06      0.64       74.66      2.70      
     2491.0 12.55      8.91       0.04       78.50      6.40      
     2501.0 11.07      10.88      0.04       78.00      8.50      
     2511.0 10.78      10.37      0.51       78.34      6.40      
     2521.0 14.22      9.10       0.11       76.57      1.10      
     2531.0 13.90      11.52      0.05       74.53      8.60      
     2541.0 10.23      10.11      0.54       79.12      7.10      
     2551.0 12.45      7.66       0.31       79.58      0.60      
     2561.0 12.58      7.75       0.05       79.62      6.30      
     2571.0 12.56      11.10      0.71       75.63      9.90      
     2581.0 10.92      9.40       0.29       79.39      6.40      
     2591.0 13.21      8.35       0.01       78.43      1.20      
     2601.0 10.59      10.17      0.03       79.20      4.70      
     2611.0 14.62      11.34      1.21       72.83      9.30      
     2621.0 10.90      8.18       0.03       80.88      6.60      
     2631.0 13.32      11.06      0.03       75.58      1.00      
     2641.0 10.21      9.46       0.28       80.05      11.80     
     2651.0 13.28      8.12       0.66       77.95      6.30      
     2661.0 13.32      7.02       0.02       79.63      0.70      
     2671.0 12.95      13.98      0.57       72.50      7.40      
     2681.0 11.07      6.05       0.54       82.34      8.10      
     2691.0 12.84      9.24       0.02       77.90      5.40      
     2701.0 13.22      10.53      0.12       76.13      2.10      
     2711.0 15.45      10.28      1.05       73.22      17.82     
     2721.0 11.33      7.98       0.02       80.67      0.90      
     2731.0 13.04      11.58      0.01       75.36      0.70      
     2741.0 10.31      10.24      0.59       78.86      11.09     
     2751.0 13.50      8.25       0.61       77.64      7.10      
     2761.0 13.35      7.62       0.05       78.98      5.80      
     2771.0 11.24      15.25      0.34       73.18      2.00      
     2781.0 12.28      6.40       0.79       80.53      14.30     
     2791.0 12.79      8.56       0.04       78.61      1.00      
     2801.0 13.97      12.28      0.65       73.09      6.50      
     2811.0 10.04      6.53       0.33       83.10      1.20      
     2821.0 13.20      9.14       0.04       77.62      16.20     
     2831.0 10.34      10.18      0.03       79.44      1.70      
     2841.0 13.97      11.03      0.65       74.35      1.10      
     2851.0 10.85      7.55       0.04       81.56      12.70     
     2861.0 12.10      6.72       0.02       81.17      2.20      
     2871.0 11.56      15.28      0.55       72.61      6.50      
     2881.0 12.22      6.32       0.34       81.12      0.60      
     2891.0 12.70      8.80       0.04       78.46      12.70     
     2901.0 13.77      13.28      0.72       72.23      3.50      
     2911.0 10.11      6.54       0.56       82.78      5.90      
     2921.0 13.10      8.78       0.03       78.09      12.30     
     2931.0 10.20      10.19      0.02       79.59      1.00      
     2941.0 14.74      11.77      0.83       72.66      7.40      
     2951.0 12.58      8.65       0.03       78.75      1.20      
     2961.0 11.31      11.09      0.04       77.56      14.40     
     2971.0 12.43      10.28      0.71       76.57      2.50      
     2981.0 12.52      8.40       0.18       78.90      6.60      
     2991.0 13.26      8.59       0.01       78.14      6.90      
     3001.0 10.80      13.18      0.28       75.74      3.70      
     3011.0 12.45      7.21       0.44       79.91      3.20      
     3021.0 12.41      8.68       0.04       78.87      4.30      
     3031.0 13.89      13.98      0.39       71.74      6.20      
     3041.0 10.06      5.31       0.61       84.02      2.50      
     3051.0 13.15      8.79       0.04       78.02      7.10      
     3061.0 10.22      10.06      0.03       79.69      8.30      
     3071.0 14.11      11.16      0.67       74.06      6.30      
     3081.0 10.91      8.17       0.03       80.90      2.70      
     3091.0 13.72      10.95      0.03       75.31      5.10      
     3101.0 9.94       10.44      0.34       79.28      8.60      
     3111.0 12.59      6.88       0.39       80.14      6.10      
     3121.0 12.70      8.30       0.02       78.97      1.30      
     3131.0 12.74      10.64      0.45       76.17      16.10     
     3141.0 11.02      9.76       0.36       78.86      1.20      
     3151.0 13.20      8.91       0.01       77.89      0.70      
     3161.0 10.35      10.18      0.04       79.43      7.10      
     3171.0 14.53      11.61      0.83       73.03      9.00      
     3181.0 11.79      7.64       0.05       80.52      6.30      
     3191.0 11.61      12.14      0.02       76.23      1.50      
     3201.0 11.59      10.29      0.36       77.76      16.20     
     3211.0 13.93      8.90       0.57       76.60      0.90      
     3221.0 13.71      9.66       0.03       76.60      6.20      
     3231.0 10.86      11.27      0.66       77.20      1.10      
     3241.0 11.98      6.60       0.62       80.80      9.70      
     3251.0 13.02      8.78       0.05       78.16      6.70      
     3261.0 12.79      9.51       0.34       77.36      0.60      
     3271.0 10.71      11.43      0.35       77.51      11.50     
     3281.0 14.84      8.70       0.06       76.40      2.00      
     3291.0 12.24      11.06      0.04       76.66      5.90      
     3301.0 13.69      10.99      0.72       74.60      0.80      
     3311.0 11.51      7.48       0.19       80.82      18.80     
     3321.0 13.58      11.53      0.04       74.85      1.90      
     3331.0 11.05      10.17      0.37       78.41      6.10      
     3341.0 13.07      8.03       0.30       78.60      10.10     
     3351.0 11.66      7.62       0.03       80.69      0.70      
     3361.0 12.71      10.84      0.72       75.72      5.50      
     3371.0 11.41      10.55      0.50       77.55      1.80      
     3381.0 11.89      7.10       0.05       80.95      16.10     
     3391.0 10.87      10.81      0.01       78.31      0.40      
     3401.0 14.06      10.76      0.58       74.60      6.49      
     3411.0 12.97      7.88       0.66       78.49      0.90      
     3421.0 12.29      12.34      0.04       75.33      15.30     
     3431.0 10.98      9.39       0.36       79.26      2.80      
     3441.0 14.77      9.28       0.46       75.50      6.30      
     3451.0 11.71      7.19       0.03       81.07      6.09      
     3461.0 12.20      9.55       0.38       77.88      4.70      
     3471.0 12.32      12.00      0.51       75.17      4.00      
     3481.0 10.60      4.92       0.01       84.47      0.50      
     3491.0 11.80      12.53      0.04       75.63      15.60     
     3501.0 11.15      9.76       0.35       78.74      2.40      
     3511.0 12.99      8.15       0.40       78.46      5.40      
     3521.0 12.83      11.41      0.03       75.74      8.60      
     3531.0 11.35      5.66       0.43       82.56      5.90      
     3541.0 12.70      12.41      0.44       74.44      2.30      
     3551.0 11.02      6.17       0.05       82.76      6.40      
     3561.0 11.02      10.59      0.02       78.36      7.50      
     3571.0 11.61      10.50      0.25       77.64      1.90      
     3581.0 14.83      8.28       0.43       76.46      7.30      
     3591.0 10.86      12.14      0.02       76.98      8.40      
     3601.0 12.50      9.25       0.40       77.85      5.90      
     3611.0 12.15      8.15       0.47       79.23      3.40      
     3621.0 11.03      6.26       0.05       82.66      5.60      
     3631.0 13.49      10.87      0.75       74.89      8.00      
     3641.0 12.52      11.76      0.53       75.19      7.80      
     3651.0 11.16      6.15       0.10       82.60      0.90      
     3661.0 13.54      12.15      0.17       74.14      10.00     
     3671.0 9.97       10.18      0.29       79.56      7.30      
     3681.0 13.44      7.48       0.95       78.12      2.10      
     3691.0 10.74      12.37      0.04       76.86      6.10      
     3701.0 11.53      4.37       0.43       83.66      12.80     
     3711.0 13.59      13.79      0.67       71.95      6.20      
     3721.0 10.69      5.46       0.03       83.83      1.30      
     3731.0 13.41      11.90      0.64       74.06      11.70     
     3741.0 11.41      10.48      0.25       77.85      1.00      
     3751.0 12.09      6.55       0.44       80.92      2.90      
     3761.0 15.03      12.31      0.45       72.21      6.30      
     3771.0 8.71       9.55       0.06       81.68      7.40      
     3781.0 13.83      7.47       0.42       78.28      6.30      
     3791.0 10.97      13.15      0.02       75.87      2.60      
     3801.0 12.06      4.96       0.23       82.75      12.30     
     3811.0 13.50      13.10      0.38       73.02      1.40      
     3821.0 11.45      10.94      0.03       77.58      7.10      
     3831.0 12.00      5.27       0.42       82.31      0.90      
     3841.0 14.06      13.24      0.44       72.27      13.10     
     3851.0 10.06      4.92       0.07       84.95      2.60      
     3861.0 16.31      13.19      0.36       70.14      7.60      
     3871.0 9.29       10.80      0.03       79.88      5.50      
     3881.0 13.77      6.94       0.38       78.90      1.60      
     3891.0 12.56      11.57      0.23       75.65      6.00      
     3901.0 11.45      9.28       0.14       79.13      4.70      
     3911.0 14.02      7.83       0.70       77.45      12.50     
     3921.0 10.73      11.96      0.03       77.29      0.60      
     3931.0 12.86      4.68       0.48       81.98      5.50      
     3941.0 14.06      14.08      0.42       71.44      10.40     
     3951.0 11.32      8.78       0.04       79.87      5.60      
     3961.0 12.47      6.54       0.50       80.49      2.20      
     3971.0 11.60      12.34      0.25       75.80      2.90      
     3981.0 11.45      4.95       0.25       83.34      13.10     
     3991.0 14.97      13.49      0.55       70.99      0.50      
     4001.0 9.51       10.57      0.04       79.88      6.40      
     4011.0 12.93      6.37       0.41       80.29      12.20     
     4021.0 10.46      12.79      0.08       76.67      5.30      
     4031.0 12.43      4.90       0.32       82.35      2.90      
     4041.0 13.68      13.68      0.58       72.06      5.80      
     4051.0 10.64      10.16      0.03       79.16      9.80      
     4061.0 12.27      6.36       0.53       80.84      2.90      
     4071.0 10.80      12.04      0.03       77.13      5.70      
     4081.0 12.65      5.21       0.29       81.84      7.10      
     4091.0 15.52      13.58      0.85       70.05      7.90      
     4101.0 9.58       10.42      0.03       79.97      2.20      
     4111.0 12.65      6.33       0.42       80.60      5.60      
     4121.0 12.47      12.91      0.31       74.30      9.40      
     4131.0 11.15      4.96       0.14       83.75      7.20      
     4141.0 14.22      13.30      0.47       72.01      0.90      
     4151.0 9.40       10.52      0.04       80.05      14.40     
     4161.0 13.35      6.20       0.52       79.93      1.10      
     4171.0 10.11      12.59      0.20       77.10      1.90      
     4181.0 12.47      5.31       0.24       81.97      6.50      
     4191.0 13.49      13.62      0.42       72.46      7.90      
     4201.0 10.38      9.16       0.04       80.42      5.70      
     4211.0 13.09      7.53       0.35       79.04      3.20      
     4221.0 10.89      12.67      0.07       76.37      13.10     
     4231.0 12.46      5.04       0.38       82.11      0.70      
     4241.0 14.89      13.60      0.67       70.83      7.60      
     4251.0 9.54       10.51      0.02       79.93      2.30      
     4261.0 12.80      6.36       0.31       80.53      5.30      
     4271.0 10.41      13.18      0.13       76.27      6.50      
     4281.0 12.30      5.24       0.51       81.96      3.00      
     4291.0 14.16      13.57      0.48       71.79      15.40     
     4301.0 11.29      8.56       0.02       80.13      2.00      
     4311.0 12.40      6.65       0.95       80.01      5.90      
     4321.0 10.81      12.41      0.20       76.58      2.90      
     4331.0 12.55      5.16       0.63       81.66      13.30     
     4341.0 13.74      13.61      0.45       72.19      1.20      
     4351.0 9.99       9.37       0.01       80.62      0.80      
     4361.0 13.09      7.32       0.42       79.16      14.90     
     4371.0 9.98       12.21      0.02       77.79      1.20      
     4381.0 12.70      4.52       0.51       82.26      5.90      
     4391.0 13.92      12.74      0.49       72.85      1.20      
     4401.0 10.81      5.86       0.04       83.29      16.20     
     4411.0 13.14      11.81      0.40       74.65      0.50      
     4421.0 10.26      11.66      0.12       77.97      6.40      
     4431.0 13.26      5.88       0.44       80.41      9.19      
     4441.0 14.23      13.40      0.43       71.94      7.60      
     4451.0 9.65       9.58       0.04       80.73      2.70      
     4461.0 13.10      7.18       0.52       79.19      1.10      
     4471.0 10.15      11.57      0.05       78.23      14.10     
     4481.0 12.39      5.87       0.43       81.32      2.30      
     4491.0 15.12      14.04      0.99       69.85      6.60      
     4501.0 10.56      8.57       0.01       80.86      8.40      
     4511.0 12.79      7.60       0.56       79.06      7.70      
     4521.0 10.02      11.89      0.03       78.06      1.30      
     4531.0 13.20      6.05       0.44       80.31      0.50      
     4541.0 13.72      13.77      0.82       71.69      13.30     
     4551.0 10.38      8.87       0.02       80.73      1.10      
     4561.0 13.43      7.55       0.29       78.74      6.20      
     4571.0 10.04      11.62      0.09       78.25      10.20     
     4581.0 13.10      6.12       0.50       80.27      6.90      
     4591.0 13.66      13.70      0.33       72.31      1.30      
     4601.0 10.57      9.04       0.05       80.34      6.20      
     4611.0 13.17      7.79       0.36       78.68      7.70      
     4621.0 9.91       11.65      0.09       78.35      7.10      
     4631.0 12.88      6.25       0.28       80.58      1.50      
     4641.0 13.19      13.45      0.36       73.00      6.60      
     4651.0 10.69      9.31       0.15       79.85      7.50      
     4661.0 13.32      7.53       0.42       78.73      1.20      
     4671.0 10.72      12.39      0.05       76.84      6.20      
     4681.0 12.14      4.91       0.41       82.55      9.70      
     4691.0 14.11      13.77      0.46       71.66      6.60      
     4701.0 11.18      10.17      0.05       78.60      0.90      
     4711.0 12.63      6.68       0.43       80.26      14.70     
     4721.0 10.60      12.58      0.25       76.57      2.60      
     4731.0 12.90      4.89       0.23       81.98      7.40      
     4741.0 14.74      13.38      1.12       70.77      2.00      
     4751.0 9.54       10.40      0.02       80.03      6.30      
     4761.0 13.08      6.36       0.34       80.22      6.10      
     4771.0 10.96      13.92      0.16       74.97      2.70      
     4781.0 12.26      4.62       0.29       82.84      12.20     
     4791.0 14.16      13.29      0.31       72.25      0.80      
     4801.0 10.43      11.35      0.03       78.19      5.90      
     4811.0 12.19      5.14       0.37       82.30      2.60      
     4821.0 13.91      13.98      0.53       71.58      13.00     
     4831.0 9.97       4.74       0.02       85.27      1.30      
     4841.0 14.04      12.88      0.33       72.76      2.40      
     4851.0 10.27      11.39      0.03       78.31      12.80     
     4861.0 13.01      6.13       0.42       80.44      1.00      
     4871.0 13.90      13.86      0.40       71.84      6.80      
     4881.0 10.44      9.54       0.01       80.01      3.50      
     4891.0 13.48      6.88       0.49       79.14      12.30     
     4901.0 10.64      12.28      0.11       76.98      2.90      
     4911.0 12.44      5.19       0.35       82.01      5.20      
     4921.0 14.40      12.94      0.59       72.08      9.30      
     4931.0 9.75       9.47       0.04       80.75      7.80      
     4941.0 13.46      7.18       0.69       78.67      0.80      
     4951.0 10.54      11.76      0.09       77.61      0.90      
     4961.0 13.15      5.59       0.40       80.86      15.60     
     4971.0 13.95      13.46      0.81       71.79      1.20      
     4981.0 10.03      10.69      0.05       79.23      6.30      
     4991.0 12.72      7.20       0.39       79.68      10.50     
     5001.0 12.34      12.90      0.43       74.33      7.20      
     5011.0 11.74      4.95       0.30       83.02      2.20      
     5021.0 14.48      13.84      0.56       71.12      6.40      
     5031.0 9.59       11.09      0.02       79.31      10.40     
     5041.0 13.10      5.94       0.42       80.55      2.70      
     5051.0 14.37      13.36      0.48       71.79      7.30      
     5061.0 10.31      9.35       0.06       80.28      7.90      
     5071.0 13.52      7.39       0.41       78.69      7.00      
     5081.0 10.72      12.02      0.05       77.21      1.30      
     5091.0 12.82      5.52       0.34       81.32      5.60      
     5101.0 14.26      13.09      0.44       72.21      6.80      
     5111.0 9.78       10.66      0.05       79.50      7.80      
     5121.0 12.88      6.30       1.21       79.61      0.80      
     5131.0 12.52      12.93      0.33       74.21      14.70     
     5141.0 11.47      6.60       0.10       81.84      3.80      
     5151.0 15.68      12.82      0.41       71.08      6.60      
     5161.0 9.33       10.63      0.02       80.02      0.70      
     5171.0 13.15      6.06       0.38       80.41      10.00     
     5181.0 12.46      12.99      0.67       73.88      9.80      
     5191.0 11.33      5.97       0.37       82.33      0.70      
     5201.0 14.45      12.66      0.31       72.58      15.00     
     5211.0 2.87       6.71       0.03       90.39      0.70      
     5221.0 11.81      13.20      0.36       74.63      5.00      
     5231.0 5.94       7.43       0.17       86.47      3.20      
     5241.0 1.91       9.23       0.02       88.84      6.00      
     5251.0 3.26       18.27      0.05       78.41      7.80      
     5261.0 0.06       99.94      0.00       0.00       2.90      
     5271.0 8.09       26.84      0.13       64.94      21.20     
     5281.0 10.50      8.62       0.42       80.46      2.50      
     5291.0 1.71       9.12       0.03       89.14      2.00      
     5301.0 0.46       8.77       0.05       90.72      7.00      
     5311.0 0.29       8.69       0.03       90.99      6.00      
     5321.0 1.14       9.02       0.10       89.74      10.60     
     5331.0 0.30       8.71       0.08       90.91      5.30      
     5341.0 2.62       8.00       0.04       89.34      15.20     
     5351.0 0.26       8.52       0.04       91.19      1.70      
     5361.0 1.03       22.08      0.02       76.87      0.90      
     5371.0 1.51       98.49      0.00       0.00       1.40      
     5381.0 0.05       99.95      0.00       0.00       13.30     
     5391.0 0.04       99.96      0.00       0.00       0.90      
     5401.0 0.03       99.97      0.00       0.00       0.70      
     5411.0 0.06       92.86      0.03       7.06       8.30      
     5421.0 0.06       72.13      0.03       27.78      6.40      
     5431.0 0.04       65.73      0.02       34.21      0.70      
     5441.0 0.10       47.07      0.02       52.81      1.30      
     5451.0 2.82       27.70      0.04       69.44      14.70     
     5461.0 7.32       13.66      0.03       78.99      1.10      
     5471.0 11.87      7.98       0.25       79.90      6.20      
     5481.0 0.19       8.60       0.04       91.17      12.20     
     5491.0 0.24       8.80       0.03       90.92      1.00      
     5501.0 1.00       17.20      0.04       81.76      1.80      
     5511.0 0.18       9.49       0.06       90.27      7.30      
     5521.0 0.21       8.69       0.02       91.08      11.30     
     5531.0 0.85       8.87       0.05       90.23      6.60      
     5541.0 1.90       23.95      0.02       74.12      1.10      
     5551.0 0.76       99.24      0.00       0.00       8.40      
     5561.0 0.87       99.13      0.00       0.00       8.80      
     5571.0 0.06       99.94      0.00       0.00       1.00      
     5581.0 0.64       76.27      0.03       23.06      5.80      
     5591.0 0.26       32.89      0.05       66.81      10.60     
     5601.0 0.27       26.03      0.03       73.67      2.60      
     5611.0 0.10       52.80      0.05       47.05      6.60      
     5621.0 0.15       35.71      0.03       64.11      5.30      
     5631.0 0.06       19.12      0.02       80.79      0.60      
     5641.0 7.73       15.66      0.04       76.58      8.00      
     5651.0 12.46      8.78       0.41       78.35      1.20      
     5661.0 1.34       8.98       0.02       89.66      6.30      
     5671.0 1.16       9.03       0.05       89.76      9.60      
     5681.0 0.37       8.67       0.03       90.93      1.50      
     5691.0 1.89       10.04      0.03       88.04      10.40     
     5701.0 2.77       7.69       0.05       89.49      6.80      
     5711.0 14.53      13.95      0.48       71.04      2.60      
     5721.0 4.48       8.01       0.05       87.45      7.40      
     5731.0 0.31       8.55       0.02       91.12      9.80      
     5741.0 0.76       8.97       0.03       90.24      2.00      
     5751.0 2.59       35.29      0.04       62.08      6.50      
     5761.0 0.05       99.95      0.00       0.00       10.50     
     5771.0 0.88       99.12      0.00       0.00       1.30      
     5781.0 2.76       78.14      0.01       19.08      7.10      
     5791.0 13.63      14.19      0.40       71.79      0.90      
     5801.0 4.83       7.60       0.05       87.53      15.20     
     5811.0 0.18       8.60       0.04       91.18      1.10      
     5821.0 0.40       8.77       0.02       90.82      2.00      
     5831.0 0.66       8.77       0.06       90.51      13.80     
