 Time         CPU_user     CPU_system   IOwait       Idle         sda:tps     
      -35.0 0.15       0.27       0.03       99.56      1.40      
      -25.0 0.82       0.47       0.05       98.66      6.40      
      -15.0 4.08       0.45       0.01       95.45      13.70     
       -5.0 28.90      0.53       0.03       70.54      1.20      
        5.0 5.82       6.50       0.03       87.65      6.30      
       15.0 5.75       6.59       0.57       87.08      0.60      
       25.0 5.40       6.80       0.68       87.12      15.90     
       35.0 5.98       6.74       0.44       86.84      1.30      
       45.0 5.84       6.86       0.56       86.75      5.50      
       55.0 5.14       4.01       0.33       90.53      9.60      
       65.0 5.92       6.93       0.58       86.57      7.50      
       75.0 5.66       7.00       0.55       86.79      1.30      
       85.0 5.40       6.75       0.47       87.38      0.90      
       95.0 5.49       6.88       0.80       86.83      14.70     
      105.0 4.18       6.48       0.39       88.94      0.50      
      115.0 5.99       6.39       0.45       87.17      6.80      
      125.0 5.19       6.35       0.41       88.05      11.90     
      135.0 5.05       6.02       0.33       88.61      5.90      
      145.0 5.67       6.79       0.47       87.06      6.80      
      155.0 5.77       6.74       0.82       86.68      6.00      
      165.0 5.63       6.54       0.74       87.09      9.10      
      175.0 5.77       6.61       0.43       87.20      6.10      
      185.0 7.00       7.16       0.71       85.13      2.60      
      195.0 7.98       7.31       0.49       84.23      15.70     
      205.0 5.00       3.78       0.41       90.81      1.20      
      215.0 5.52       6.69       1.61       86.18      11.70     
      225.0 5.50       6.66       0.52       87.32      1.00      
      235.0 5.32       6.96       0.44       87.28      8.10      
      245.0 5.66       6.77       0.81       86.77      6.10      
      255.0 5.04       6.70       0.54       87.72      2.00      
      265.0 4.84       6.68       0.52       87.95      6.50      
      275.0 4.32       6.87       0.69       88.12      8.70      
      285.0 5.39       6.58       0.23       87.79      5.50      
      295.0 5.07       6.29       0.37       88.27      3.20      
      305.0 5.10       6.16       0.46       88.28      15.20     
      315.0 5.43       6.79       0.46       87.32      0.90      
      325.0 5.56       6.74       0.51       87.19      6.30      
      335.0 5.87       6.56       0.43       87.14      3.50      
      345.0 6.06       6.77       0.41       86.77      7.10      
      355.0 9.88       6.90       0.35       82.87      5.80      
      365.0 33.31      5.44       0.78       60.47      2.70      
      375.0 14.94      7.47       0.18       77.41      12.40     
      385.0 11.24      12.71      1.11       74.93      1.00      
      395.0 9.13       12.40      1.70       76.77      6.20      
      405.0 9.39       11.30      1.33       77.99      2.40      
      415.0 11.34      11.71      1.38       75.57      9.60      
      425.0 11.50      9.81       1.27       77.43      7.60      
      435.0 11.12      10.19      0.97       77.72      0.80      
      445.0 9.83       12.99      0.69       76.49      15.60     
      455.0 9.55       11.40      0.46       78.60      2.20      
      465.0 10.53      11.65      1.05       76.77      4.00      
      475.0 12.95      10.83      1.07       75.14      2.00      
      485.0 13.18      12.25      0.79       73.77      16.70     
      495.0 10.92      10.26      1.03       77.79      0.60      
      505.0 9.47       12.25      0.89       77.39      6.20      
      515.0 10.43      12.42      1.17       75.98      1.30      
      525.0 10.17      12.63      0.68       76.52      8.80      
      535.0 11.23      11.90      0.74       76.13      6.50      
      545.0 14.07      10.43      1.29       74.21      3.00      
      555.0 11.62      12.87      1.21       74.30      11.90     
      565.0 9.02       9.93       1.07       79.97      1.40      
      575.0 10.96      11.94      1.44       75.66      10.80     
      585.0 10.12      12.49      0.82       76.57      0.70      
      595.0 11.42      11.72      0.70       76.16      15.90     
      605.0 10.06      9.32       0.67       79.95      1.30      
      615.0 12.47      12.04      1.26       74.23      5.70      
      625.0 9.76       10.52      0.69       79.04      8.60      
      635.0 10.14      9.76       0.64       79.46      1.10      
      645.0 11.65      12.36      1.54       74.44      5.89      
      655.0 10.60      10.91      0.53       77.96      2.10      
      665.0 10.93      8.48       0.85       79.74      14.60     
      675.0 11.76      12.65      0.84       74.75      0.50      
      685.0 10.33      12.27      1.08       76.32      6.00      
      695.0 10.10      8.96       0.94       80.01      9.90      
      705.0 11.80      12.38      1.01       74.82      5.70      
      715.0 9.82       12.66      0.68       76.84      1.30      
      725.0 10.34      8.67       1.41       79.57      2.40      
      735.0 11.91      12.55      0.93       74.61      14.70     
      745.0 10.67      12.14      0.69       76.50      1.00      
      755.0 9.75       8.64       0.68       80.94      6.60      
      765.0 10.91      12.81      0.79       75.49      11.80     
      775.0 11.49      12.28      0.84       75.39      6.10      
      785.0 9.59       8.81       0.84       80.76      1.20      
      795.0 11.13      10.60      1.27       77.00      6.00      
      805.0 12.05      12.43      0.96       74.55      11.20     
      815.0 10.10      11.62      0.62       77.66      2.10      
      825.0 10.15      8.94       0.69       80.21      7.20      
      835.0 11.93      12.72      2.17       73.18      9.10      
      845.0 11.42      11.97      0.71       75.90      8.10      
      855.0 9.93       9.65       1.00       79.42      1.90      
      865.0 10.20      11.45      0.89       77.46      6.10      
      875.0 11.80      12.00      1.68       74.53      9.90      
      885.0 10.24      12.40      1.18       76.19      6.20      
      895.0 10.53      9.63       0.87       78.97      1.30      
      905.0 12.06      9.78       1.19       76.97      8.30      
      915.0 11.89      12.64      0.71       74.75      5.80      
      925.0 9.35       9.95       0.74       79.96      3.80      
      935.0 10.29      11.66      0.91       77.14      6.20      
      945.0 9.81       12.83      1.13       76.22      7.30      
      955.0 11.13      11.80      0.67       76.41      6.30      
      965.0 10.68      10.03      0.54       78.75      2.20      
      975.0 10.84      10.11      1.08       77.98      13.50     
      985.0 9.28       12.77      0.83       77.12      1.70      
      995.0 12.22      12.52      0.56       74.70      11.60     
     1005.0 10.87      11.30      1.01       76.82      0.90      
     1015.0 11.24      9.77       0.77       78.22      7.70      
     1025.0 11.88      12.59      1.29       74.24      6.10      
     1035.0 11.21      10.21      0.90       77.68      1.80      
     1045.0 9.86       12.08      0.48       77.58      12.80     
     1055.0 10.57      12.52      0.82       76.09      1.70      
     1065.0 10.01      12.04      0.99       76.96      5.60      
     1075.0 10.88      10.33      0.34       78.45      2.90      
     1085.0 11.63      11.49      1.05       75.83      15.40     
     1095.0 11.85      12.29      1.05       74.80      2.40      
     1105.0 9.49       10.20      1.61       78.71      0.90      
     1115.0 10.70      12.30      0.78       76.23      13.30     
     1125.0 4.42       7.23       1.52       86.83      1.30      
     1135.0 5.74       6.65       0.29       87.32      8.60      
     1145.0 5.33       6.27       0.66       87.74      4.10      
     1155.0 5.93       6.87       0.67       86.53      14.00     
     1165.0 5.39       6.02       0.39       88.20      2.70      
     1175.0 5.36       6.81       0.38       87.44      1.60      
     1185.0 9.28       6.93       0.74       83.05      12.90     
     1195.0 27.17      5.48       0.49       66.85      2.40      
     1205.0 23.93      8.48       0.56       67.04      6.20      
     1215.0 9.06       10.31      0.67       79.97      1.00      
     1225.0 10.50      11.81      0.74       76.95      12.80     
     1235.0 11.00      12.40      0.83       75.77      1.50      
     1245.0 10.15      9.85       0.97       79.03      5.50      
     1255.0 10.87      10.76      0.59       77.78      11.50     
     1265.0 11.75      12.40      0.87       74.98      5.50      
     1275.0 9.92       12.11      2.14       75.82      4.10      
     1285.0 12.04      9.71       0.84       77.41      6.30      
     1295.0 12.80      10.91      0.74       75.55      10.60     
     1305.0 12.54      12.11      0.89       74.46      0.70      
     1315.0 8.81       8.80       0.69       81.70      6.00      
     1325.0 12.65      11.62      0.59       75.14      9.80      
     1335.0 10.22      10.98      1.16       77.64      6.30      
     1345.0 11.05      8.80       1.00       79.15      2.70      
     1355.0 11.72      12.88      0.85       74.55      6.20      
     1365.0 11.80      11.85      0.70       75.66      8.40      
     1375.0 9.84       8.41       1.22       80.54      6.20      
     1385.0 11.76      12.37      1.46       74.40      1.90      
     1395.0 10.03      11.11      0.71       78.15      9.10      
     1405.0 10.77      10.13      0.92       78.17      6.20      
     1415.0 14.23      13.08      0.60       72.09      4.50      
     1425.0 9.40       9.71       2.10       78.79      5.80      
     1435.0 10.90      12.15      1.01       75.94      9.40      
     1445.0 11.68      12.93      0.59       74.80      7.00      
     1455.0 9.60       12.38      0.98       77.03      4.00      
     1465.0 10.40      9.47       0.88       79.24      15.10     
     1475.0 11.76      12.46      0.73       75.05      1.20      
     1485.0 11.03      12.95      0.91       75.12      0.50      
     1495.0 10.35      9.34       0.92       79.39      8.40      
     1505.0 11.49      11.37      0.52       76.62      7.60      
     1515.0 10.38      11.91      0.78       76.92      6.30      
     1525.0 9.89       8.91       0.54       80.67      2.00      
     1535.0 12.15      12.06      0.86       74.92      12.10     
     1545.0 10.72      10.31      0.73       78.24      0.60      
     1555.0 10.07      11.75      0.77       77.42      5.60      
     1565.0 10.82      12.04      0.93       76.20      2.50      
     1575.0 10.09      12.09      1.57       76.25      10.30     
     1585.0 11.02      8.49       0.98       79.51      7.30      
     1595.0 11.67      12.52      0.72       75.09      2.40      
     1605.0 9.98       10.23      2.03       77.76      14.80     
     1615.0 10.16      11.92      0.46       77.47      1.00      
     1625.0 10.88      12.68      0.91       75.54      6.80      
     1635.0 12.86      12.81      0.88       73.44      4.40      
     1645.0 12.24      12.51      0.81       74.44      12.10     
     1655.0 11.51      9.72       0.77       78.00      1.20      
     1665.0 11.52      10.90      1.02       76.57      10.20     
     1675.0 9.90       11.94      1.12       77.04      9.70      
     1685.0 10.85      12.23      0.74       76.18      5.90      
     1695.0 9.29       11.97      0.58       78.16      1.10      
     1705.0 10.69      11.41      1.25       76.65      1.00      
     1715.0 11.35      9.60       2.05       77.00      13.80     
     1725.0 11.54      10.31      1.36       76.79      2.30      
     1735.0 10.22      13.34      0.98       75.46      6.50      
     1745.0 8.56       11.96      1.10       78.39      12.10     
     1755.0 10.89      11.05      0.86       77.20      5.20      
     1765.0 12.40      12.28      1.00       74.32      2.80      
     1775.0 13.05      7.48       1.05       78.42      6.50      
     1785.0 11.42      12.93      2.83       72.82      5.70      
     1795.0 7.59       12.72      1.69       78.00      8.50      
     1805.0 9.58       10.68      1.02       78.72      1.20      
     1815.0 11.65      11.39      0.66       76.30      9.70      
     1825.0 12.44      10.18      2.51       74.87      6.80      
     1835.0 11.22      8.64       1.74       78.40      1.10      
     1845.0 9.13       11.34      0.83       78.70      0.40      
     1855.0 9.77       10.80      0.63       78.81      15.00     
     1865.0 11.21      11.86      2.41       74.52      2.80      
     1875.0 12.49      12.55      1.07       73.89      6.10      
     1885.0 10.92      7.19       1.01       80.88      1.30      
     1895.0 11.97      12.99      0.86       74.18      14.50     
     1905.0 7.97       12.07      1.53       78.43      1.20      
     1915.0 10.48      11.27      0.89       77.36      1.00      
     1925.0 11.10      11.66      0.92       76.32      14.40     
     1935.0 11.06      9.68       1.59       77.67      2.10      
     1945.0 11.78      11.90      1.52       74.80      6.40      
     1955.0 10.33      11.13      1.36       77.19      2.50      
     1965.0 10.04      12.34      0.68       76.95      14.20     
     1975.0 10.44      12.50      0.67       76.39      1.70      
     1985.0 13.16      12.17      2.47       72.20      6.30      
     1995.0 11.67      9.36       0.82       78.14      8.60      
     2005.0 12.10      12.61      1.21       74.08      10.30     
     2015.0 11.31      10.17      1.00       77.52      1.30      
     2025.0 9.41       11.62      1.61       77.36      0.60      
     2035.0 11.07      12.21      0.80       75.92      14.60     
     2045.0 9.70       12.07      0.88       77.35      2.40      
     2055.0 10.54      9.14       0.86       79.46      6.50      
     2065.0 12.10      11.82      1.21       74.87      8.60      
     2075.0 10.05      11.63      0.98       77.34      8.00      
     2085.0 11.60      9.66       0.37       78.37      1.20      
     2095.0 11.43      11.28      0.85       76.45      6.60      
     2105.0 10.70      11.43      2.22       75.66      8.00      
     2115.0 10.33      8.07       0.73       80.86      1.70      
     2125.0 12.50      11.90      1.08       74.52      6.10      
     2135.0 11.06      10.47      1.89       76.57      10.60     
     2145.0 9.26       11.30      0.94       78.50      5.70      
     2155.0 11.41      11.41      0.87       76.31      3.00      
     2165.0 10.68      11.21      0.97       77.15      6.60      
     2175.0 10.09      9.04       0.69       80.18      6.40      
     2185.0 12.45      11.94      2.23       73.38      1.00      
     2195.0 11.75      12.43      0.91       74.91      6.40      
     2205.0 10.17      9.69       0.77       79.37      9.40      
     2215.0 10.75      10.89      0.63       77.73      6.50      
     2225.0 11.53      12.45      1.29       74.73      2.70      
     2235.0 10.05      12.77      0.84       76.34      5.40      
     2245.0 11.63      10.37      1.03       76.96      6.60      
     2255.0 12.92      11.51      1.07       74.51      6.60      
     2265.0 12.26      12.23      0.69       74.82      0.60      
     2275.0 10.30      11.65      1.15       76.91      15.20     
     2285.0 10.85      9.32       0.56       79.26      1.10      
     2295.0 11.27      12.08      0.92       75.74      0.50      
     2305.0 10.92      12.40      0.97       75.70      6.00      
     2315.0 10.96      10.03      1.06       77.95      9.50      
     2325.0 10.92      11.02      0.38       77.67      5.70      
     2335.0 11.62      12.55      1.02       74.81      1.10      
     2345.0 10.40      12.45      0.90       76.25      14.40     
     2355.0 10.88      9.13       0.61       79.38      2.30      
     2365.0 11.28      11.25      0.82       76.65      6.40      
     2375.0 11.32      12.20      0.96       75.52      1.00      
     2385.0 10.36      11.34      0.91       77.39      15.70     
     2395.0 10.28      9.93       1.02       78.76      1.30      
     2405.0 11.90      12.19      1.18       74.73      1.40      
     2415.0 9.72       9.64       1.03       79.61      14.90     
     2425.0 10.19      11.70      0.42       77.69      2.60      
     2435.0 10.86      12.68      0.92       75.54      6.70      
     2445.0 2.53       7.58       0.53       89.36      0.60      
     2455.0 5.41       11.29      0.04       83.26      12.50     
     2465.0 0.21       8.78       0.38       90.63      3.40      
     2475.0 0.91       9.02       0.03       90.03      1.30      
     2485.0 1.91       9.30       0.06       88.72      14.30     
     2495.0 0.61       8.19       0.03       91.17      2.60      
     2505.0 1.82       9.19       0.04       88.95      4.50      
     2515.0 6.69       11.44      0.29       81.58      12.40     
     2525.0 0.12       8.80       0.45       90.63      10.20     
     2535.0 2.10       9.55       0.07       88.28      7.90      
     2545.0 0.28       8.59       0.05       91.09      2.50      
     2555.0 0.42       8.39       0.03       91.16      7.50      
     2565.0 1.13       8.94       0.04       89.88      6.20      
     2575.0 0.28       14.27      0.05       85.40      4.20      
     2585.0 2.34       18.71      0.07       78.88      8.10      
     2595.0 0.08       42.15      0.02       57.75      7.20      
     2605.0 0.15       35.01      0.02       64.82      1.10      
     2615.0 0.17       13.61      0.05       86.18      6.40      
     2625.0 0.23       16.86      0.03       82.87      9.60      
     2635.0 2.85       33.91      0.04       63.20      7.10      
     2645.0 0.09       21.47      0.07       78.38      6.60      
     2655.0 0.14       29.24      0.02       70.60      0.90      
     2665.0 7.93       30.36      0.03       61.68      11.80     
     2675.0 0.87       8.04       0.36       90.73      1.10      
     2685.0 6.09       10.68      0.35       82.88      7.00      
     2695.0 0.15       8.89       0.14       90.82      5.60      
     2705.0 0.22       8.63       0.09       91.06      1.40      
     2715.0 2.61       9.22       0.12       88.06      8.10      
     2725.0 0.08       59.02      0.39       40.51      1.30      
     2735.0 1.47       84.16      0.03       14.34      8.60      
     2745.0 3.66       69.54      0.05       26.75      7.60      
     2755.0 2.98       20.47      0.03       76.53      2.50      
     2765.0 1.78       9.23       0.03       88.96      8.50      
     2775.0 1.36       9.21       0.05       89.39      7.80      
     2785.0 0.18       8.56       0.02       91.23      1.10      
     2795.0 2.08       9.22       0.06       88.64      8.50      
     2805.0 0.21       8.61       0.02       91.16      7.90      
     2815.0 0.11       8.61       0.02       91.26      0.90      
     2825.0 1.47       9.10       0.04       89.39      8.20      
     2835.0 0.08       8.63       0.01       91.28      7.50      
     2845.0 2.15       9.34       0.02       88.49      1.20      
     2855.0 0.26       8.69       1.74       89.32      9.10      
     2865.0 0.38       8.41       4.19       87.03      0.70      
     2875.0 0.91       9.20       4.25       85.64      22.80     
     2885.0 0.14       8.59       4.18       87.09      4.30      
     2895.0 1.48       9.15       4.08       85.29      6.80      
     2905.0 5.45       11.08      5.20       78.28      9.30      
     2915.0 1.31       9.39       4.74       84.56      7.40      
     2925.0 0.29       8.83       0.02       90.86      2.50      
     2935.0 0.15       8.61       0.03       91.21      1.30      
     2945.0 0.29       8.66       0.07       90.98      13.30     
     2955.0 0.30       8.57       0.02       91.11      2.70      
     2965.0 0.37       8.69       0.05       90.90      6.10      
     2975.0 0.15       8.60       0.03       91.22      10.40     
     2985.0 1.41       9.05       0.04       89.49      6.30      
     2995.0 0.46       8.36       0.03       91.16      2.90      
     3005.0 0.66       8.80       0.04       90.50      1.50      
     3015.0 5.17       10.39      0.08       84.35      12.10     
     3025.0 1.21       8.60       0.60       89.58      0.90      
     3035.0 1.55       9.19       0.04       89.22      7.70      
     3045.0 0.17       8.80       0.02       91.01      7.30      
     3055.0 1.18       9.14       0.02       89.65      1.00      
     3065.0 0.56       8.77       0.06       90.62      8.80      
     3075.0 0.46       8.46       0.27       90.81      1.10      
     3085.0 1.15       9.08       0.05       89.72      13.40     
     3095.0 0.21       8.60       0.04       91.15      1.30      
     3105.0 1.51       9.08       0.02       89.40      2.30      
     3115.0 0.58       8.77       0.05       90.59      16.50     
     3125.0 1.07       11.55      0.03       87.34      1.00      
     3135.0 1.37       9.17       0.06       89.40      6.80      
     3145.0 0.13       8.59       0.02       91.26      2.60      
     3155.0 1.57       12.86      0.03       85.54      9.00      
     3165.0 1.22       23.96      0.05       74.77      9.10      
     3175.0 0.20       8.62       0.03       91.15      2.40      
     3185.0 2.16       9.54       0.05       88.24      16.70     
     3195.0 0.18       8.61       0.03       91.18      0.90      
     3205.0 0.14       8.74       0.03       91.10      1.00      
     3215.0 0.66       8.59       0.05       90.70      6.40      
     3225.0 0.17       8.61       0.03       91.20      9.40      
     3235.0 5.48       11.41      0.17       82.95      6.70      
     3245.0 0.13       8.76       0.47       90.64      4.50      
     3255.0 1.63       9.23       0.05       89.10      13.40     
     3265.0 0.11       8.64       0.03       91.22      1.50      
     3275.0 0.14       8.68       0.03       91.15      1.10      
     3285.0 0.56       12.24      0.03       87.17      1.00      
     3295.0 0.23       9.07       0.05       90.65      14.80     
     3305.0 0.62       8.42       0.03       90.93      1.50      
     3315.0 0.80       8.98       0.05       90.16      6.80      
     3325.0 0.14       8.68       0.02       91.16      7.10      
     3335.0 1.37       9.10       0.05       89.48      7.50      
     3345.0 0.15       8.58       0.03       91.24      1.10      
     3355.0 0.18       8.60       0.02       91.20      0.90      
     3365.0 0.76       8.83       0.05       90.35      15.90     
     3375.0 0.15       8.59       0.03       91.24      0.90      
     3385.0 0.52       10.92      0.03       88.54      1.40      
     3395.0 0.20       8.76       0.05       90.99      12.40     
     3405.0 0.23       8.53       0.02       91.22      2.10      
     3415.0 1.07       11.37      0.03       87.54      1.40      
     3425.0 3.85       13.31      0.05       82.79      6.60      
     3435.0 2.59       8.60       1.21       87.60      8.30      
     3445.0 1.27       8.99       0.03       89.71      1.80      
     3455.0 1.18       9.12       0.06       89.64      8.10      
     3465.0 0.35       8.80       0.03       90.82      10.70     
     3475.0 1.97       10.37      0.07       87.59      8.50      
     3485.0 0.16       8.59       0.03       91.21      2.50      
     3495.0 0.56       8.48       0.02       90.95      0.50      
     3505.0 0.76       8.97       0.04       90.23      13.40     
     3515.0 0.13       8.60       0.03       91.24      3.40      
     3525.0 1.07       8.97       0.04       89.91      6.40      
     3535.0 0.13       8.72       0.02       91.12      7.20      
     3545.0 1.39       9.08       0.03       89.49      1.10      
     3555.0 0.94       9.88       0.05       89.12      9.20      
     3565.0 0.10       10.24      0.02       89.63      1.00      
     3575.0 2.04       9.32       0.05       88.59      16.10     
     3585.0 0.15       8.64       0.03       91.18      1.20      
     3595.0 0.18       8.57       0.03       91.22      1.10      
     3605.0 0.89       33.84      0.04       65.23      16.40     
     3615.0 5.94       26.03      0.02       68.01      0.60      
     3625.0 1.10       9.10       0.31       89.49      6.60      
     3635.0 0.17       8.67       0.03       91.14      3.90      
     3645.0 1.16       9.16       0.03       89.65      6.80      
     3655.0 1.07       9.04       0.06       89.83      7.60      
     3665.0 0.15       8.60       0.04       91.22      1.50      
     3675.0 0.79       8.82       0.07       90.33      13.20     
     3685.0 0.92       8.18       0.03       90.87      2.40      
     3695.0 6.58       12.71      0.91       79.80      6.60      
     3705.0 0.15       8.58       0.02       91.24      1.10      
     3715.0 0.13       8.64       0.02       91.21      7.10      
     3725.0 1.60       9.29       0.07       89.03      7.70      
     3735.0 0.17       8.57       0.03       91.22      1.10      
     3745.0 1.62       8.87       0.05       89.47      16.30     
     3755.0 0.12       8.70       0.23       90.94      2.80      
     3765.0 0.36       8.67       0.01       90.95      0.60      
     3775.0 1.86       9.44       0.04       88.66      8.90      
     3785.0 0.25       8.68       0.03       91.04      5.20      
     3795.0 1.21       9.04       0.04       89.70      6.20      
     3805.0 0.13       8.57       0.03       91.26      2.60      
     3815.0 0.27       8.68       0.03       91.03      5.70      
     3825.0 0.28       8.68       0.04       91.01      5.90      
     3835.0 0.41       8.45       0.03       91.12      0.90      
     3845.0 0.11       11.98      0.03       87.88      2.70      
     3855.0 0.30       9.22       0.05       90.44      14.60     
     3865.0 0.15       8.64       0.02       91.19      1.00      
     3875.0 1.06       8.96       0.06       89.92      8.20      
     3885.0 0.16       8.72       0.03       91.08      5.80      
     3895.0 5.57       11.31      0.08       83.05      6.10      
     3905.0 0.21       8.73       0.27       90.79      1.20      
     3915.0 0.82       8.79       0.02       90.37      2.60      
     3925.0 2.49       10.92      0.07       86.52      18.80     
     3935.0 0.68       8.94       0.04       90.34      1.40      
     3945.0 0.58       8.49       0.21       90.72      0.50      
     3955.0 2.10       9.48       0.05       88.37      16.00     
     3965.0 0.23       8.60       0.03       91.15      1.50      
     3975.0 2.41       9.64       0.03       87.92      1.10      
     3985.0 1.12       11.46      0.05       87.37      8.50      
     3995.0 0.13       8.61       0.05       91.21      7.80      
     4005.0 3.46       11.49      0.01       85.04      0.60      
     4015.0 2.51       8.29       0.35       88.84      6.20      
     4025.0 0.30       8.52       0.03       91.16      9.60      
     4035.0 2.25       9.13       0.05       88.56      7.30      
     4045.0 0.11       8.70       0.20       90.98      2.80      
     4055.0 0.93       8.95       0.04       90.08      1.10      
     4065.0 1.17       9.05       0.05       89.74      16.50     
     4075.0 0.27       8.64       0.02       91.07      1.00      
     4085.0 2.51       9.78       0.05       87.67      1.40      
     4095.0 0.13       10.33      0.05       89.49      13.40     
     4105.0 0.17       8.63       0.03       91.17      0.90      
     4115.0 1.96       9.39       0.03       88.62      2.10      
     4125.0 0.75       8.83       0.07       90.35      8.00      
     4135.0 0.14       8.71       0.02       91.13      8.20      
     4145.0 2.42       9.47       0.06       88.05      8.50      
     4155.0 0.18       8.60       0.03       91.18      0.80      
     4165.0 0.20       8.62       0.02       91.17      6.50      
     4175.0 1.05       8.87       0.06       90.02      8.30      
     4185.0 0.38       8.83       0.01       90.78      1.70      
     4195.0 2.15       9.38       0.05       88.41      7.50      
     4205.0 0.11       8.58       0.05       91.26      6.70      
     4215.0 0.26       8.63       0.02       91.09      0.70      
     4225.0 2.22       9.49       0.04       88.25      7.00      
     4235.0 0.17       8.60       0.03       91.21      9.90      
     4245.0 0.33       9.58       0.05       90.04      5.40      
     4255.0 5.84       10.75      0.09       83.32      1.50      
     4265.0 0.66       8.82       0.29       90.22      7.20      
     4275.0 0.14       8.62       0.02       91.22      8.70      
     4285.0 0.15       8.73       0.03       91.08      1.20      
     4295.0 2.46       9.42       0.06       88.06      7.30      
     4305.0 0.62       8.25       0.02       91.11      10.10     
     4315.0 0.89       8.99       0.32       89.80      1.00      
     4325.0 1.71       9.24       0.05       89.00      9.50      
     4335.0 0.18       10.00      0.03       89.80      0.50      
     4345.0 2.18       9.43       0.02       88.37      6.50      
     4355.0 0.27       8.70       0.05       90.98      8.50      
     4365.0 3.05       10.73      0.01       86.21      0.60      
     4375.0 4.08       12.76      0.36       82.80      15.50     
     4385.0 0.18       11.36      0.03       88.43      4.10      
     4395.0 1.83       9.28       0.05       88.85      6.90      
     4405.0 0.23       8.70       0.03       91.05      2.80      
     4415.0 0.38       8.52       0.03       91.07      6.60      
     4425.0 1.98       8.92       0.05       89.05      8.10      
     4435.0 0.13       14.61      0.24       85.03      2.20      
     4445.0 1.13       10.79      0.06       88.02      11.20     
     4455.0 0.32       31.19      0.04       68.45      6.20      
     4465.0 5.01       33.71      0.02       61.26      2.20      
     4475.0 1.38       9.10       0.05       89.48      6.60      
     4485.0 6.00       10.79      0.19       83.02      10.80     
     4495.0 0.29       8.81       0.18       90.73      5.80      
     4505.0 0.15       8.58       0.04       91.23      2.20      
     4515.0 0.45       8.48       0.02       91.05      6.80      
     4525.0 1.88       9.36       0.32       88.44      7.20      
     4535.0 0.13       8.61       0.03       91.24      2.70      
     4545.0 0.51       8.40       0.05       91.04      5.70      
     4555.0 0.19       8.65       0.03       91.13      9.90      
     4565.0 1.04       8.91       0.03       90.02      1.00      
     4575.0 1.64       9.10       0.07       89.19      10.20     
     4585.0 0.16       8.59       0.03       91.22      5.20      
     4595.0 1.97       9.36       0.06       88.61      7.30      
     4605.0 5.30       11.09      0.02       83.59      0.90      
     4615.0 0.84       8.64       0.28       90.24      2.50      
     4625.0 1.12       9.00       0.07       89.81      12.80     
     4635.0 0.47       8.36       0.03       91.14      0.90      
     4645.0 0.74       8.65       0.38       90.23      5.60      
     4655.0 0.09       8.61       0.03       91.28      9.00      
     4665.0 1.36       9.03       0.03       89.59      1.00      
     4675.0 1.12       9.04       0.05       89.79      7.20      
     4685.0 0.14       8.59       0.03       91.24      2.40      
     4695.0 0.80       10.72      0.04       88.44      10.00     
     4705.0 0.29       11.14      0.05       88.52      6.40      
     4715.0 0.15       8.59       0.03       91.22      1.00      
     4725.0 1.06       9.14       0.02       89.79      8.50      
     4735.0 0.15       11.62      0.06       88.17      7.30      
     4745.0 0.14       8.56       0.04       91.27      1.20      
     4755.0 0.73       8.70       0.02       90.55      0.50      
     4765.0 5.61       11.15      0.46       82.79      15.00     
     4775.0 0.12       8.60       0.03       91.26      1.10      
     4785.0 2.90       9.62       0.04       87.43      7.70      
     4795.0 0.13       8.64       0.04       91.19      8.70      
     4805.0 0.32       8.55       0.03       91.09      1.20      
     4815.0 1.34       8.87       0.05       89.74      6.30      
     4825.0 0.13       8.71       0.19       90.98      0.90      
     4835.0 1.49       9.20       0.05       89.26      16.50     
     4845.0 0.16       8.84       0.03       90.97      1.00      
     4855.0 0.62       8.74       0.02       90.62      0.90      
     4865.0 2.45       9.15       0.06       88.33      16.20     
     4875.0 0.36       8.81       0.03       90.80      1.10      
     4885.0 1.82       9.27       0.03       88.89      1.20      
     4895.0 0.38       10.61      0.05       88.96      7.20      
     4905.0 0.11       8.69       0.02       91.17      8.50      
     4915.0 3.79       11.26      0.05       84.91      6.50      
     4925.0 2.49       8.23       0.34       88.93      1.10      
     4935.0 0.90       8.52       0.01       90.57      9.30      
     4945.0 0.13       8.75       0.25       90.87      6.70      
     4955.0 0.17       8.66       0.04       91.13      2.10      
     4965.0 2.65       9.55       0.05       87.75      7.80      
     4975.0 0.27       8.61       0.03       91.09      9.60      
     4985.0 0.62       8.77       0.03       90.58      2.10      
     4995.0 1.55       9.15       0.05       89.25      8.90      
     5005.0 0.17       8.75       0.02       91.07      6.70      
     5015.0 2.26       9.37       0.04       88.33      1.50      
     5025.0 0.46       10.50      0.04       89.00      8.60      
     5035.0 0.15       8.61       0.03       91.22      1.20      
     5045.0 0.52       8.53       0.08       90.88      13.10     
     5055.0 0.17       8.67       0.03       91.14      0.90      
     5065.0 2.59       9.71       0.04       87.66      7.70      
     5075.0 3.18       10.14      0.29       86.39      7.20      
     5085.0 0.14       8.57       0.03       91.27      0.50      
     5095.0 1.77       9.27       0.05       88.90      7.30      
     5105.0 0.12       8.60       0.03       91.25      2.30      
     5115.0 0.92       8.82       0.04       90.22      13.10     
     5125.0 0.27       8.65       0.03       91.05      2.80      
     5135.0 0.69       8.92       0.03       90.36      2.30      
     5145.0 0.93       9.12       0.05       89.90      15.40     
     5155.0 0.18       8.56       0.03       91.23      1.10      
     5165.0 2.16       8.80       0.05       88.98      6.80      
     5175.0 0.17       8.69       0.24       90.90      4.00      
     5185.0 1.75       9.39       0.03       88.83      7.60      
     5195.0 0.48       12.50      0.04       86.98      1.70      
     5205.0 0.11       9.08       0.06       90.74      6.80      
     5215.0 0.12       8.60       0.03       91.25      10.50     
     5225.0 2.12       9.40       0.07       88.41      7.10      
     5235.0 3.47       11.15      0.02       85.36      1.00      
     5245.0 3.29       8.60       0.33       87.78      0.90      
     5255.0 0.56       8.80       0.06       90.57      15.00     
     5265.0 0.10       8.57       0.02       91.30      0.40      
     5275.0 1.66       9.46       0.05       88.83      7.90      
     5285.0 0.25       8.71       0.03       91.00      10.80     
     5295.0 0.94       8.68       0.02       90.36      0.50      
     5305.0 0.33       12.10      0.28       87.29      6.60      
     5315.0 0.14       8.71       0.05       91.10      1.90      
     5325.0 0.16       8.59       0.02       91.23      4.50      
     5335.0 0.86       12.14      0.03       86.97      2.80      
     5345.0 0.18       9.07       0.05       90.69      6.60      
     5355.0 0.13       8.58       0.02       91.28      9.20      
     5365.0 1.90       9.72       0.05       88.33      7.20      
     5375.0 0.17       8.58       0.03       91.22      3.20      
     5385.0 0.50       8.71       0.02       90.78      0.50      
     5395.0 2.17       9.08       0.05       88.70      18.60     
     5405.0 0.08       8.60       0.04       91.28      3.20      
     5415.0 2.02       9.28       0.04       88.66      2.50      
     5425.0 0.74       8.86       0.05       90.34      15.50     
     5435.0 0.32       8.61       0.03       91.04      1.10      
     5445.0 3.30       34.53      0.03       62.14      1.00      
     5455.0 0.05       34.16      0.03       65.76      3.60      
     5465.0 0.06       17.36      0.05       82.53      15.70     
     5475.0 5.80       16.52      0.02       77.67      0.90      
     5485.0 1.43       9.14       0.35       89.09      3.00      
     5495.0 0.76       8.84       0.07       90.33      16.00     
     5505.0 0.55       8.32       0.02       91.11      0.50      
     5515.0 0.99       8.92       0.06       90.04      6.60      
     5525.0 6.04       10.63      0.76       82.56      1.60      
     5535.0 1.63       9.36       0.41       88.60      8.20      
     5545.0 0.59       12.38      0.02       87.02      2.60      
     5555.0 0.27       9.50       0.10       90.13      9.50      
     5565.0 0.23       8.51       0.03       91.23      8.90      
     5575.0 2.97       9.31       0.05       87.67      7.70      
     5585.0 0.20       8.68       0.03       91.09      1.20      
     5595.0 0.18       8.61       0.01       91.19      0.20      
     5605.0 2.30       9.35       0.05       88.30      14.80     
     5615.0 0.13       8.69       0.04       91.14      2.50      
     5625.0 1.07       8.97       0.02       89.94      0.40      
     5635.0 0.70       8.84       0.05       90.40      15.10     
     5645.0 0.43       19.74      0.04       79.78      2.80      
     5655.0 2.70       35.88      0.05       61.38      7.50      
     5665.0 0.15       14.01      0.02       85.81      2.80      
     5675.0 0.20       13.53      0.03       86.24      6.60      
     5685.0 3.08       23.80      0.05       73.07      8.00      
     5695.0 0.04       37.81      0.04       62.11      1.70      
     5705.0 1.20       38.34      0.03       60.43      9.50      
     5715.0 1.59       37.93      0.04       60.44      7.20      
     5725.0 0.09       28.38      0.03       71.51      2.40      
     5735.0 2.24       25.23      0.06       72.46      7.50      
     5745.0 0.11       36.21      0.02       63.65      6.30      
     5755.0 0.17       25.23      0.03       74.57      0.80      
     5765.0 2.04       24.73      0.04       73.19      1.80      
     5775.0 0.10       24.03      0.06       75.81      14.90     
     5785.0 0.06       26.58      0.03       73.33      1.00      
     5795.0 6.33       22.57      0.03       71.07      1.90      
     5805.0 0.28       8.87       0.32       90.52      6.50      
     5815.0 0.13       8.69       0.03       91.16      7.00      
     5825.0 1.22       9.09       0.05       89.64      6.50      
     5835.0 0.25       8.63       0.02       91.10      1.90      
     5845.0 2.23       8.25       0.06       89.46      15.90     
     5855.0 5.46       11.08      0.71       82.75      1.20      
     5865.0 0.25       8.65       0.23       90.86      1.10      
     5875.0 1.64       9.31       0.05       89.00      8.80      
     5885.0 0.21       8.61       0.03       91.15      8.20      
     5895.0 1.98       8.83       0.04       89.15      5.80      
     5905.0 0.16       8.61       0.03       91.20      4.20      
